TimeInc,Intensity
0.5,0.6333333333333335
0.50167,0.6336673333333334
0.5033399999999999,0.6340013333333334
0.5050099999999998,0.6343353333333335
0.5066799999999998,0.6346693333333334
0.5083499999999997,0.6350033333333334
0.5100199999999997,0.6353373333333334
0.5116899999999996,0.6356713333333334
0.5133599999999996,0.6360053333333333
0.5150299999999995,0.6363393333333333
0.5166999999999995,0.6366733333333333
0.5183699999999994,0.6370073333333335
0.5200399999999994,0.6373413333333333
0.5217099999999993,0.6376753333333331
0.5233799999999993,0.6380093333333333
0.5250499999999992,0.6383433333333334
0.5267199999999992,0.6386773333333333
0.5283899999999991,0.6390113333333332
0.5300599999999991,0.6393453333333332
0.531729999999999,0.6396793333333334
0.533399999999999,0.6400133333333332
0.5350699999999989,0.6403473333333332
0.5367399999999989,0.6406813333333332
0.5384099999999988,0.6410153333333333
0.5400799999999988,0.6413493333333332
0.5417499999999987,0.6416833333333332
0.5434199999999987,0.6420173333333332
0.5450899999999986,0.6423513333333332
0.5467599999999986,0.6426853333333331
0.5484299999999985,0.643019333333333
0.5500999999999985,0.6433533333333331
0.5517699999999984,0.6436873333333333
0.5534399999999984,0.6440213333333331
0.5551099999999983,0.644355333333333
0.5567799999999983,0.6446893333333331
0.5584499999999982,0.6450233333333332
0.5601199999999982,0.6453573333333331
0.5617899999999981,0.645691333333333
0.5634599999999981,0.646025333333333
0.565129999999998,0.6463593333333332
0.566799999999998,0.646693333333333
0.5684699999999979,0.647027333333333
0.5701399999999979,0.647361333333333
0.5718099999999978,0.6476953333333331
0.5734799999999978,0.648029333333333
0.5751499999999977,0.648363333333333
0.5768199999999977,0.648697333333333
0.5784899999999976,0.649031333333333
0.5801599999999976,0.6493653333333329
0.5818299999999975,0.6496993333333329
0.5834999999999975,0.6500333333333329
0.5851699999999974,0.6503673333333331
0.5868399999999974,0.6507013333333329
0.5885099999999973,0.6510353333333327
0.5901799999999973,0.6513693333333329
0.5918499999999972,0.651703333333333
0.5935199999999972,0.6520373333333329
0.5951899999999971,0.6523713333333327
0.5968599999999971,0.6527053333333328
0.598529999999997,0.653039333333333
0.600199999999997,0.6533733333333328
0.6018699999999969,0.6537073333333328
0.6035399999999969,0.6540413333333328
0.6052099999999968,0.6543753333333329
0.6068799999999968,0.6547093333333328
0.6085499999999967,0.6550433333333328
0.6102199999999967,0.6553773333333328
0.6118899999999966,0.6557113333333328
0.6135599999999966,0.6560453333333327
0.6152299999999965,0.6563793333333326
0.6168999999999965,0.6567133333333326
0.6185699999999964,0.6570473333333329
0.6202399999999963,0.6573813333333327
0.6219099999999963,0.6577153333333325
0.6235799999999962,0.6580493333333327
0.6252499999999962,0.6583833333333327
0.6269199999999961,0.6587173333333327
0.6285899999999961,0.6590513333333325
0.630259999999996,0.6593853333333326
0.631929999999996,0.6597193333333328
0.6335999999999959,0.6600533333333325
0.6352699999999959,0.6603873333333325
0.6369399999999958,0.6607213333333326
0.6386099999999958,0.6610553333333327
0.6402799999999957,0.6613893333333326
0.6419499999999957,0.6617233333333326
0.6436199999999956,0.6620573333333326
0.6452899999999956,0.6623913333333326
0.6469599999999955,0.6627253333333325
0.6486299999999955,0.6630593333333324
0.6502999999999954,0.6633933333333324
0.6519699999999954,0.6637273333333327
0.6536399999999953,0.6640613333333325
0.6553099999999953,0.6643953333333323
0.6569799999999952,0.6647293333333325
0.6586499999999952,0.6650633333333325
0.6603199999999951,0.6653973333333325
0.6619899999999951,0.6657313333333323
0.663659999999995,0.6660653333333324
0.665329999999995,0.6663993333333326
0.6669999999999949,0.6667333333333324
0.6686699999999949,0.6670673333333323
0.6703399999999948,0.6674013333333324
0.6720099999999948,0.6677353333333325
0.6736799999999947,0.6680693333333324
0.6753499999999947,0.6684033333333324
0.6770199999999946,0.6687373333333324
0.6786899999999946,0.6690713333333324
0.6803599999999945,0.6694053333333323
0.6820299999999945,0.6697393333333322
0.6836999999999944,0.6700733333333322
0.6853699999999944,0.6704073333333325
0.6870399999999943,0.6707413333333322
0.6887099999999943,0.6710753333333321
0.6903799999999942,0.6714093333333323
0.6920499999999942,0.6717433333333322
0.6937199999999941,0.6720773333333323
0.6953899999999941,0.6724113333333321
0.697059999999994,0.6727453333333322
0.698729999999994,0.6730793333333323
0.7003999999999939,0.6734133333333321
0.7020699999999939,0.6737473333333321
0.7037399999999938,0.6740813333333321
0.7054099999999938,0.6744153333333323
0.7070799999999937,0.6747493333333322
0.7087499999999937,0.6750833333333319
0.7104199999999936,0.6754173333333322
0.7120899999999936,0.6757513333333321
0.7137599999999935,0.6760853333333321
0.7154299999999935,0.676419333333332
0.7170999999999934,0.676753333333332
0.7187699999999934,0.6770873333333323
0.7204399999999933,0.677421333333332
0.7221099999999933,0.6777553333333319
0.7237799999999932,0.6780893333333321
0.7254499999999932,0.678423333333332
0.7271199999999931,0.678757333333332
0.728789999999993,0.6790913333333319
0.730459999999993,0.679425333333332
0.732129999999993,0.679759333333332
0.7337999999999929,0.6800933333333319
0.7354699999999929,0.6804273333333318
0.7371399999999928,0.6807613333333319
0.7388099999999928,0.681095333333332
0.7404799999999927,0.681429333333332
0.7421499999999926,0.6817633333333317
0.7438199999999926,0.6820973333333319
0.7454899999999925,0.682431333333332
0.7471599999999925,0.6827653333333319
0.7488299999999924,0.6830993333333318
0.7504999999999924,0.6834333333333318
0.7521699999999923,0.6837673333333318
0.7538399999999923,0.6841013333333318
0.7555099999999922,0.6844353333333317
0.7571799999999922,0.6847693333333318
0.7588499999999921,0.6851033333333318
0.7605199999999921,0.6854373333333318
0.762189999999992,0.6857713333333316
0.763859999999992,0.6861053333333318
0.7655299999999919,0.6864393333333318
0.7671999999999919,0.6867733333333317
0.7688699999999918,0.6871073333333316
0.7705399999999918,0.6874413333333317
0.7722099999999917,0.6877753333333319
0.7738799999999917,0.6881093333333317
0.7755499999999916,0.6884433333333315
0.7772199999999916,0.6887773333333317
0.7788899999999915,0.6891113333333317
0.7805599999999915,0.6894453333333317
0.7822299999999914,0.6897793333333315
0.7838999999999914,0.6901133333333316
0.7855699999999913,0.6904473333333316
0.7872399999999913,0.6907813333333316
0.7889099999999912,0.6911153333333315
0.7905799999999912,0.6914493333333316
0.7922499999999911,0.6917833333333316
0.7939199999999911,0.6921173333333316
0.795589999999991,0.6924513333333314
0.797259999999991,0.6927853333333316
0.7989299999999909,0.6931193333333316
0.8005999999999909,0.6934533333333315
0.8022699999999908,0.6937873333333314
0.8039399999999908,0.6941213333333315
0.8056099999999907,0.6944553333333316
0.8072799999999907,0.6947893333333315
0.8089499999999906,0.6951233333333313
0.8106199999999906,0.6954573333333315
0.8122899999999905,0.6957913333333315
0.8139599999999905,0.6961253333333315
0.8156299999999904,0.6964593333333313
0.8172999999999904,0.6967933333333314
0.8189699999999903,0.6971273333333314
0.8206399999999903,0.6974613333333314
0.8223099999999902,0.6977953333333313
0.8239799999999902,0.6981293333333314
0.8256499999999901,0.6984633333333314
0.8273199999999901,0.6987973333333314
0.82898999999999,0.6991313333333312
0.83065999999999,0.6994653333333314
0.8323299999999899,0.6997993333333314
0.8339999999999899,0.7001333333333313
0.8356699999999898,0.7004673333333311
0.8373399999999898,0.7008013333333314
0.8390099999999897,0.7011353333333314
0.8406799999999897,0.7014693333333313
0.8423499999999896,0.7018033333333313
0.8440199999999896,0.7021373333333313
0.8456899999999895,0.7024713333333313
0.8473599999999895,0.7028053333333311
0.8490299999999894,0.7031393333333311
0.8506999999999894,0.7034733333333312
0.8523699999999893,0.7038073333333312
0.8540399999999893,0.7041413333333313
0.8557099999999892,0.7044753333333311
0.8573799999999892,0.7048093333333312
0.8590499999999891,0.7051433333333312
0.860719999999989,0.7054773333333312
0.862389999999989,0.705811333333331
0.864059999999989,0.7061453333333311
0.8657299999999889,0.7064793333333312
0.8673999999999888,0.7068133333333311
0.8690699999999888,0.7071473333333311
0.8707399999999887,0.7074813333333312
0.8724099999999887,0.7078153333333312
0.8740799999999886,0.7081493333333311
0.8757499999999886,0.7084833333333311
0.8774199999999885,0.7088173333333311
0.8790899999999885,0.7091513333333311
0.8807599999999884,0.7094853333333312
0.8824299999999884,0.7098193333333309
0.8840999999999883,0.710153333333331
0.8857699999999883,0.710487333333331
0.8874399999999882,0.7108213333333311
0.8891099999999882,0.7111553333333309
0.8907799999999881,0.711489333333331
0.8924499999999881,0.7118233333333313
0.894119999999988,0.712157333333331
0.895789999999988,0.7124913333333308
0.8974599999999879,0.7128253333333311
0.8991299999999879,0.713159333333331
0.9007999999999878,0.7134933333333309
0.9024699999999878,0.7138273333333309
0.9041399999999877,0.714161333333331
0.9058099999999877,0.714495333333331
0.9074799999999876,0.7148293333333309
0.9091499999999876,0.7151633333333309
0.9108199999999875,0.7154973333333309
0.9124899999999875,0.7158313333333309
0.9141599999999874,0.716165333333331
0.9158299999999874,0.7164993333333307
0.9174999999999873,0.7168333333333308
0.9191699999999873,0.717167333333331
0.9208399999999872,0.7175013333333309
0.9225099999999872,0.7178353333333307
0.9241799999999871,0.718169333333331
0.9258499999999871,0.718503333333331
0.927519999999987,0.7188373333333309
0.929189999999987,0.7191713333333308
0.9308599999999869,0.7195053333333309
0.9325299999999869,0.7198393333333308
0.9341999999999868,0.7201733333333307
0.9358699999999868,0.7205073333333307
0.9375399999999867,0.7208413333333308
0.9392099999999867,0.7211753333333308
0.9408799999999866,0.7215093333333309
0.9425499999999866,0.7218433333333307
0.9442199999999865,0.7221773333333308
0.9458899999999865,0.7225113333333307
0.9475599999999864,0.7228453333333308
0.9492299999999864,0.7231793333333306
0.9508999999999863,0.7235133333333306
0.9525699999999863,0.7238473333333308
0.9542399999999862,0.7241813333333307
0.9559099999999862,0.7245153333333305
0.9575799999999861,0.7248493333333308
0.9592499999999861,0.7251833333333308
0.960919999999986,0.7255173333333307
0.962589999999986,0.7258513333333306
0.9642599999999859,0.7261853333333307
0.9659299999999859,0.7265193333333307
0.9675999999999858,0.7268533333333305
0.9692699999999858,0.7271873333333305
0.9709399999999857,0.7275213333333306
0.9726099999999857,0.7278553333333306
0.9742799999999856,0.7281893333333307
0.9759499999999856,0.7285233333333305
0.9776199999999855,0.7288573333333306
0.9792899999999854,0.7291913333333305
0.9809599999999854,0.7295253333333306
0.9826299999999853,0.7298593333333304
0.9842999999999853,0.7301933333333304
0.9859699999999852,0.7305273333333306
0.9876399999999852,0.7308613333333305
0.9893099999999851,0.7311953333333303
0.9909799999999851,0.7315293333333306
0.992649999999985,0.7318633333333306
0.994319999999985,0.7321973333333305
0.9959899999999849,0.7325313333333304
0.9976599999999849,0.7328653333333305
0.9993299999999848,0.7331993333333305
1.0009999999999848,0.7335333333333305
1.0026699999999849,0.7338673333333305
1.004339999999985,0.7342013333333305
1.006009999999985,0.7345353333333304
1.007679999999985,0.7348693333333305
1.009349999999985,0.7352033333333305
1.0110199999999852,0.7355373333333306
1.0126899999999852,0.7358713333333305
1.0143599999999853,0.7362053333333305
1.0160299999999853,0.7365393333333305
1.0176999999999854,0.7368733333333306
1.0193699999999855,0.7372073333333307
1.0210399999999855,0.7375413333333306
1.0227099999999856,0.7378753333333306
1.0243799999999856,0.7382093333333306
1.0260499999999857,0.7385433333333307
1.0277199999999858,0.7388773333333307
1.0293899999999858,0.7392113333333307
1.0310599999999859,0.7395453333333306
1.032729999999986,0.7398793333333307
1.034399999999986,0.7402133333333307
1.036069999999986,0.7405473333333308
1.0377399999999861,0.7408813333333307
1.0394099999999862,0.7412153333333307
1.0410799999999862,0.7415493333333307
1.0427499999999863,0.7418833333333308
1.0444199999999864,0.7422173333333308
1.0460899999999864,0.7425513333333308
1.0477599999999865,0.7428853333333307
1.0494299999999865,0.743219333333331
1.0510999999999866,0.7435533333333308
1.0527699999999867,0.7438873333333309
1.0544399999999867,0.7442213333333308
1.0561099999999868,0.7445553333333308
1.0577799999999868,0.7448893333333311
1.059449999999987,0.7452233333333309
1.061119999999987,0.745557333333331
1.062789999999987,0.7458913333333309
1.064459999999987,0.7462253333333309
1.0661299999999871,0.7465593333333311
1.0677999999999872,0.746893333333331
1.0694699999999873,0.747227333333331
1.0711399999999873,0.747561333333331
1.0728099999999874,0.7478953333333309
1.0744799999999874,0.7482293333333312
1.0761499999999875,0.748563333333331
1.0778199999999876,0.7488973333333311
1.0794899999999876,0.749231333333331
1.0811599999999877,0.749565333333331
1.0828299999999877,0.7498993333333313
1.0844999999999878,0.7502333333333311
1.0861699999999879,0.7505673333333311
1.087839999999988,0.7509013333333311
1.089509999999988,0.751235333333331
1.091179999999988,0.7515693333333313
1.092849999999988,0.7519033333333311
1.0945199999999882,0.7522373333333312
1.0961899999999882,0.7525713333333311
1.0978599999999883,0.7529053333333311
1.0995299999999884,0.7532393333333314
1.1011999999999884,0.7535733333333312
1.1028699999999885,0.7539073333333313
1.1045399999999885,0.7542413333333312
1.1062099999999886,0.7545753333333312
1.1078799999999887,0.7549093333333314
1.1095499999999887,0.7552433333333313
1.1112199999999888,0.7555773333333313
1.1128899999999888,0.7559113333333313
1.114559999999989,0.7562453333333312
1.116229999999989,0.7565793333333315
1.117899999999989,0.7569133333333313
1.119569999999989,0.7572473333333314
1.1212399999999891,0.7575813333333313
1.1229099999999892,0.7579153333333315
1.1245799999999893,0.7582493333333316
1.1262499999999893,0.7585833333333314
1.1279199999999894,0.7589173333333314
1.1295899999999894,0.7592513333333314
1.1312599999999895,0.7595853333333316
1.1329299999999896,0.7599193333333316
1.1345999999999896,0.7602533333333314
1.1362699999999897,0.7605873333333315
1.1379399999999897,0.7609213333333315
1.1396099999999898,0.7612553333333316
1.1412799999999899,0.7615893333333317
1.14294999999999,0.7619233333333315
1.14461999999999,0.7622573333333316
1.14628999999999,0.7625913333333315
1.14795999999999,0.7629253333333317
1.1496299999999902,0.7632593333333317
1.1512999999999902,0.7635933333333316
1.1529699999999903,0.7639273333333316
1.1546399999999903,0.7642613333333316
1.1563099999999904,0.7645953333333317
1.1579799999999905,0.7649293333333318
1.1596499999999905,0.7652633333333316
1.1613199999999906,0.7655973333333317
1.1629899999999906,0.7659313333333316
1.1646599999999907,0.7662653333333318
1.1663299999999908,0.7665993333333319
1.1679999999999908,0.7669333333333318
1.1696699999999909,0.7672673333333317
1.171339999999991,0.7676013333333319
1.173009999999991,0.7679353333333319
1.174679999999991,0.7682693333333318
1.1763499999999911,0.7686033333333319
1.1780199999999912,0.7689373333333318
1.1796899999999912,0.769271333333332
1.1813599999999913,0.7696053333333319
1.1830299999999914,0.7699393333333319
1.1846999999999914,0.7702733333333319
1.1863699999999915,0.7706073333333319
1.1880399999999915,0.770941333333332
1.1897099999999916,0.771275333333332
1.1913799999999917,0.7716093333333319
1.1930499999999917,0.771943333333332
1.1947199999999918,0.7722773333333319
1.1963899999999918,0.7726113333333321
1.198059999999992,0.772945333333332
1.199729999999992,0.773279333333332
1.201399999999992,0.773613333333332
1.203069999999992,0.773947333333332
1.2047399999999922,0.7742813333333322
1.2064099999999922,0.7746153333333321
1.2080799999999923,0.774949333333332
1.2097499999999923,0.7752833333333321
1.2114199999999924,0.775617333333332
1.2130899999999925,0.7759513333333322
1.2147599999999925,0.7762853333333322
1.2164299999999926,0.7766193333333321
1.2180999999999926,0.7769533333333322
1.2197699999999927,0.7772873333333321
1.2214399999999928,0.7776213333333323
1.2231099999999928,0.7779553333333322
1.2247799999999929,0.7782893333333322
1.226449999999993,0.7786233333333322
1.228119999999993,0.7789573333333322
1.229789999999993,0.7792913333333323
1.2314599999999931,0.7796253333333323
1.2331299999999932,0.7799593333333322
1.2347999999999932,0.7802933333333323
1.2364699999999933,0.7806273333333322
1.2381399999999934,0.7809613333333322
1.2398099999999934,0.7812953333333323
1.2414799999999935,0.7816293333333323
1.2431499999999935,0.7819633333333323
1.2448199999999936,0.7822973333333323
1.2464899999999937,0.7826313333333322
1.2481599999999937,0.7829653333333324
1.2498299999999938,0.7832993333333323
1.2514999999999938,0.7836333333333324
1.253169999999994,0.7839673333333324
1.254839999999994,0.7843013333333323
1.256509999999994,0.7846353333333325
1.258179999999994,0.7849693333333324
1.2598499999999941,0.7853033333333325
1.2615199999999942,0.7856373333333324
1.2631899999999943,0.7859713333333324
1.2648599999999943,0.7863053333333325
1.2665299999999944,0.7866393333333325
1.2681999999999944,0.7869733333333325
1.2698699999999945,0.7873073333333325
1.2715399999999946,0.7876413333333324
1.2732099999999946,0.7879753333333324
1.2748799999999947,0.7883093333333325
1.2765499999999947,0.7886433333333326
1.2782199999999948,0.7889773333333325
1.2798899999999949,0.7893113333333325
1.281559999999995,0.7896453333333324
1.283229999999995,0.7899793333333326
1.284899999999995,0.7903133333333326
1.286569999999995,0.7906473333333326
1.2882399999999952,0.7909813333333325
1.2899099999999952,0.7913153333333325
1.2915799999999953,0.7916493333333326
1.2932499999999953,0.7919833333333327
1.2949199999999954,0.7923173333333327
1.2965899999999955,0.7926513333333326
1.2982599999999955,0.7929853333333325
1.2999299999999956,0.7933193333333327
1.3015999999999956,0.7936533333333328
1.3032699999999957,0.7939873333333327
1.3049399999999958,0.7943213333333327
1.3066099999999958,0.7946553333333326
1.308279999999996,0.7949893333333328
1.309949999999996,0.7953233333333328
1.311619999999996,0.7956573333333328
1.313289999999996,0.7959913333333327
1.3149599999999961,0.7963253333333327
1.3166299999999962,0.7966593333333328
1.3182999999999963,0.7969933333333329
1.3199699999999963,0.7973273333333328
1.3216399999999964,0.7976613333333328
1.3233099999999964,0.7979953333333327
1.3249799999999965,0.7983293333333327
1.3266499999999966,0.798663333333333
1.3283199999999966,0.7989973333333329
1.3299899999999967,0.7993313333333328
1.3316599999999967,0.7996653333333328
1.3333299999999968,0.7999993333333327
1.3349999999999969,0.800501529051987
1.336669999999997,0.8010040611620787
1.338339999999997,0.8015065932721704
1.340009999999997,0.8020091253822624
1.341679999999997,0.8025116574923541
1.3433499999999972,0.8030141896024459
1.3450199999999972,0.8035167217125375
1.3466899999999973,0.8040192538226293
1.3483599999999973,0.804521785932721
1.3500299999999974,0.8050243180428129
1.3516999999999975,0.8055268501529047
1.3533699999999975,0.8060293822629964
1.3550399999999976,0.8065319143730881
1.3567099999999976,0.8070344464831798
1.3583799999999977,0.8075369785932716
1.3600499999999978,0.8080395107033636
1.3617199999999978,0.8085420428134552
1.3633899999999979,0.809044574923547
1.365059999999998,0.8095471070336386
1.366729999999998,0.8100496391437304
1.368399999999998,0.8105521712538224
1.3700699999999981,0.811054703363914
1.3717399999999982,0.8115572354740058
1.3734099999999982,0.8120597675840975
1.3750799999999983,0.8125622996941892
1.3767499999999984,0.813064831804281
1.3784199999999984,0.8135673639143729
1.3800899999999985,0.8140698960244647
1.3817599999999985,0.8145724281345563
1.3834299999999986,0.8150749602446481
1.3850999999999987,0.8155774923547398
1.3867699999999987,0.8160800244648315
1.3884399999999988,0.8165825565749235
1.3901099999999988,0.8170850886850152
1.391779999999999,0.8175876207951069
1.393449999999999,0.8180901529051986
1.395119999999999,0.8185926850152904
1.396789999999999,0.8190952171253821
1.3984599999999991,0.819597749235474
1.4001299999999992,0.8201002813455658
1.4017999999999993,0.8206028134556574
1.4034699999999993,0.8211053455657492
1.4051399999999994,0.821607877675841
1.4068099999999994,0.8221104097859329
1.4084799999999995,0.8226129418960246
1.4101499999999996,0.8231154740061163
1.4118199999999996,0.8236180061162081
1.4134899999999997,0.8241205382262997
1.4151599999999998,0.8246230703363915
1.4168299999999998,0.8251256024464835
1.4184999999999999,0.8256281345565751
1.42017,0.8261306666666669
1.42184,0.8266331987767586
1.42351,0.8271357308868503
1.4251800000000001,0.8276382629969421
1.4268500000000002,0.828140795107034
1.4285200000000002,0.8286433272171257
1.4301900000000003,0.8291458593272174
1.4318600000000004,0.8296483914373092
1.4335300000000004,0.8301509235474009
1.4352000000000005,0.8306534556574926
1.4368700000000005,0.8311559877675844
1.4385400000000006,0.831658519877676
1.4402100000000007,0.832161051987768
1.4418800000000007,0.8326635840978598
1.4435500000000008,0.8331661162079514
1.4452200000000008,0.8336686483180432
1.446890000000001,0.8341711804281349
1.448560000000001,0.8346737125382266
1.450230000000001,0.8351762446483184
1.451900000000001,0.8356787767584103
1.4535700000000011,0.8361813088685021
1.4552400000000012,0.8366838409785937
1.4569100000000013,0.8371863730886855
1.4585800000000013,0.8376889051987771
1.4602500000000014,0.8381914373088689
1.4619200000000014,0.8386939694189607
1.4635900000000015,0.8391965015290523
1.4652600000000016,0.8396990336391443
1.4669300000000016,0.840201565749236
1.4686000000000017,0.8407040978593278
1.4702700000000017,0.8412066299694195
1.4719400000000018,0.8417091620795112
1.4736100000000019,0.842211694189603
1.475280000000002,0.8427142262996946
1.476950000000002,0.8432167584097866
1.478620000000002,0.8437192905198784
1.480290000000002,0.84422182262997
1.4819600000000022,0.8447243547400618
1.4836300000000022,0.8452268868501535
1.4853000000000023,0.8457294189602452
1.4869700000000023,0.846231951070337
1.4886400000000024,0.8467344831804289
1.4903100000000025,0.8472370152905206
1.4919800000000025,0.8477395474006123
1.4936500000000026,0.8482420795107041
1.4953200000000026,0.8487446116207958
1.4969900000000027,0.8492471437308875
1.4986600000000028,0.8497496758409793
1.5003300000000028,0.8502522079510707
1.5020000000000029,0.8507547400611629
1.503670000000003,0.8512572721712549
1.505340000000003,0.8517598042813463
1.507010000000003,0.8522623363914379
1.5086800000000031,0.8527648685015299
1.5103500000000032,0.8532674006116218
1.5120200000000033,0.8537699327217133
1.5136900000000033,0.8542724648318047
1.5153600000000034,0.854774996941897
1.5170300000000034,0.855277529051989
1.5187000000000035,0.8557800611620804
1.5203700000000036,0.8562825932721719
1.5220400000000036,0.8567851253822638
1.5237100000000037,0.857287657492356
1.5253800000000037,0.8577901896024476
1.5270500000000038,0.858292721712539
1.5287200000000039,0.858795253822631
1.530390000000004,0.8592977859327229
1.532060000000004,0.8598003180428144
1.533730000000004,0.8603028501529062
1.535400000000004,0.8608053822629981
1.5370700000000042,0.8613079143730901
1.5387400000000042,0.8618104464831815
1.5404100000000043,0.862312978593273
1.5420800000000043,0.862815510703365
1.5437500000000044,0.8633180428134571
1.5454200000000045,0.8638205749235487
1.5470900000000045,0.8643231070336401
1.5487600000000046,0.8648256391437321
1.5504300000000046,0.8653281712538241
1.5521000000000047,0.8658307033639155
1.5537700000000048,0.8663332354740073
1.5554400000000048,0.8668357675840992
1.5571100000000049,0.8673382996941912
1.558780000000005,0.8678408318042827
1.560450000000005,0.8683433639143742
1.562120000000005,0.8688458960244664
1.5637900000000051,0.8693484281345583
1.5654600000000052,0.8698509602446498
1.5671300000000052,0.8703534923547414
1.5688000000000053,0.8708560244648332
1.5704700000000054,0.8713585565749254
1.5721400000000054,0.8718610886850169
1.5738100000000055,0.8723636207951084
1.5754800000000055,0.8728661529052004
1.5771500000000056,0.8733686850152923
1.5788200000000057,0.8738712171253838
1.5804900000000057,0.8743737492354753
1.5821600000000058,0.8748762813455675
1.5838300000000058,0.8753788134556595
1.585500000000006,0.8758813455657509
1.587170000000006,0.8763838776758425
1.588840000000006,0.8768864097859344
1.590510000000006,0.8773889418960266
1.5921800000000061,0.8778914740061181
1.5938500000000062,0.8783940061162095
1.5955200000000063,0.8788965382263015
1.5971900000000063,0.8793990703363934
1.5988600000000064,0.879901602446485
1.6005300000000064,0.8804041345565765
1.6022000000000065,0.8809066666666686
1.6038700000000066,0.8814091987767606
1.6055400000000066,0.881911730886852
1.6072100000000067,0.8824096422764245
1.6088800000000067,0.882906569105693
1.6105500000000068,0.8834034959349616
1.6122200000000069,0.8839004227642296
1.613890000000007,0.8843973495934976
1.615560000000007,0.8848942764227663
1.617230000000007,0.8853912032520348
1.6189000000000071,0.885888130081303
1.6205700000000072,0.886385056910571
1.6222400000000072,0.8868819837398394
1.6239100000000073,0.8873789105691081
1.6255800000000074,0.8878758373983762
1.6272500000000074,0.8883727642276441
1.6289200000000075,0.8888696910569128
1.6305900000000075,0.8893666178861812
1.6322600000000076,0.8898635447154495
1.6339300000000077,0.8903604715447175
1.6356000000000077,0.8908573983739859
1.6372700000000078,0.8913543252032546
1.6389400000000078,0.8918512520325226
1.640610000000008,0.8923481788617906
1.642280000000008,0.8928451056910593
1.643950000000008,0.8933420325203277
1.645620000000008,0.8938389593495958
1.6472900000000081,0.894335886178864
1.6489600000000082,0.8948328130081324
1.6506300000000083,0.8953297398374012
1.6523000000000083,0.8958266666666691
1.6539700000000084,0.8963235934959372
1.6556400000000084,0.8968205203252058
1.6573100000000085,0.8973174471544743
1.6589800000000086,0.8978143739837423
1.6606500000000086,0.8983113008130105
1.6623200000000087,0.898808227642279
1.6639900000000087,0.8993051544715476
1.6656600000000088,0.8998020813008156
1.6673300000000089,0.9002990081300837
1.669000000000009,0.9007959349593523
1.670670000000009,0.9012928617886208
1.672340000000009,0.9017897886178887
1.674010000000009,0.902286715447157
1.6756800000000092,0.9027836422764255
1.6773500000000092,0.9032805691056941
1.6790200000000093,0.9037774959349621
1.6806900000000093,0.9042744227642301
1.6823600000000094,0.9047713495934988
1.6840300000000095,0.9052682764227673
1.6857000000000095,0.9057652032520352
1.6873700000000096,0.9062621300813035
1.6890400000000096,0.906759056910572
1.6907100000000097,0.9072559837398406
1.6923800000000098,0.9077529105691087
1.6940500000000098,0.9082498373983766
1.6957200000000099,0.9087467642276453
1.69739000000001,0.9092451865443457
1.69906000000001,0.9097477186544372
1.70073000000001,0.9102502507645289
1.7024000000000101,0.9107527828746208
1.7040700000000102,0.9112553149847128
1.7057400000000102,0.9117578470948043
1.7074100000000103,0.9122603792048958
1.7090800000000104,0.9127629113149878
1.7107500000000104,0.9132654434250799
1.7124200000000105,0.9137679755351714
1.7140900000000105,0.914270507645263
1.7157600000000106,0.9147730397553548
1.7174300000000107,0.9152755718654468
1.7191000000000107,0.9157781039755383
1.7207700000000108,0.9162806360856298
1.7224400000000109,0.916783168195722
1.724110000000011,0.9172857003058139
1.725780000000011,0.9177882324159055
1.727450000000011,0.9182907645259969
1.729120000000011,0.9187932966360889
1.7307900000000112,0.9192958287461811
1.7324600000000112,0.9197983608562725
1.7341300000000113,0.9203008929663641
1.7358000000000113,0.920803425076456
1.7374700000000114,0.921305957186548
1.7391400000000115,0.9218084892966395
1.7408100000000115,0.9223110214067309
1.7424800000000116,0.9228135535168231
1.7441500000000116,0.923316085626915
1.7458200000000117,0.9238186177370066
1.7474900000000118,0.9243211498470981
1.7491600000000118,0.92482368195719
1.7508300000000119,0.925326214067282
1.752500000000012,0.9258287461773735
1.754170000000012,0.9263312782874652
1.755840000000012,0.9268338103975572
1.7575100000000121,0.9273363425076491
1.7591800000000122,0.9278388746177406
1.7608500000000122,0.9283414067278322
1.7625200000000123,0.928843938837924
1.7641900000000124,0.9293464709480163
1.7658600000000124,0.9298490030581077
1.7675300000000125,0.9303515351681992
1.7692000000000125,0.9308540672782912
1.7708700000000126,0.9313565993883831
1.7725400000000127,0.9318591314984747
1.7742100000000127,0.9323616636085661
1.7758800000000128,0.9328641957186583
1.7775500000000128,0.9333667278287503
1.779220000000013,0.9338692599388417
1.780890000000013,0.9343717920489333
1.782560000000013,0.9348743241590252
1.784230000000013,0.9353768562691172
1.7859000000000131,0.9358793883792089
1.7875700000000132,0.9363819204893004
1.7892400000000133,0.9368844525993923
1.7909100000000133,0.9373869847094842
1.7925800000000134,0.9378895168195758
1.7942500000000134,0.9383920489296673
1.7959200000000135,0.9388945810397592
1.7975900000000136,0.9393971131498514
1.7992600000000136,0.9398996452599429
1.8009300000000137,0.9404021773700344
1.8026000000000137,0.9409047094801264
1.8042700000000138,0.9414072415902183
1.8059400000000139,0.9419097737003098
1.807610000000014,0.9424123058104013
1.809280000000014,0.9429148379204935
1.810950000000014,0.9434173700305855
1.812620000000014,0.9439199021406769
1.8142900000000142,0.9444224342507684
1.8159600000000142,0.9449249663608603
1.8176300000000143,0.9454274984709525
1.8193000000000144,0.9459300305810441
1.8209700000000144,0.9464325626911355
1.8226400000000145,0.9469350948012275
1.8243100000000145,0.9474376269113194
1.8259800000000146,0.9479401590214109
1.8276500000000147,0.9484426911315025
1.8293200000000147,0.9489452232415946
1.8309900000000148,0.9494477553516866
1.8326600000000148,0.949950287461778
1.834330000000015,0.9504528195718696
1.836000000000015,0.9509553516819615
1.837670000000015,0.9514578837920538
1.839340000000015,0.9519604159021451
1.8410100000000151,0.9524629480122366
1.8426800000000152,0.9529654801223286
1.8443500000000153,0.9534680122324206
1.8460200000000153,0.9539705443425122
1.8476900000000154,0.9544730764526035
1.8493600000000154,0.9549756085626957
1.8510300000000155,0.9554781406727877
1.8527000000000156,0.9559806727828792
1.8543700000000156,0.9564832048929708
1.8560400000000157,0.9569857370030626
1.8577100000000157,0.9574882691131545
1.8593800000000158,0.9579908012232461
1.8610500000000159,0.9584933333333376
1.862720000000016,0.9589958654434299
1.864390000000016,0.9594983975535216
1.866060000000016,0.9600009296636132
1.867730000000016,0.9605034617737047
1.8694000000000162,0.9610059938837967
1.8710700000000162,0.9615085259938887
1.8727400000000163,0.9620110581039802
1.8744100000000163,0.9625135902140718
1.8760800000000164,0.9630161223241638
1.8777500000000165,0.9635186544342558
1.8794200000000165,0.9640211865443471
1.8810900000000166,0.9645237186544389
1.8827600000000166,0.9650262507645306
1.8844300000000167,0.9655287828746228
1.8861000000000168,0.9660313149847142
1.8877700000000168,0.9665338470948057
1.8894400000000169,0.9670363792048979
1.891110000000017,0.9675389113149897
1.892780000000017,0.9680414434250815
1.894450000000017,0.9685439755351728
1.8961200000000171,0.9690465076452648
1.8977900000000172,0.969549039755357
1.8994600000000172,0.9700515718654483
1.9011300000000173,0.9705541039755401
1.9028000000000174,0.9710566360856319
1.9044700000000174,0.9715591681957239
1.9061400000000175,0.9720617003058156
1.9078100000000175,0.972564232415907
1.9094800000000176,0.9730667645259992
1.9111500000000177,0.9735692966360909
1.9128200000000177,0.9740718287461825
1.9144900000000178,0.9745743608562738
1.9161600000000178,0.975076892966366
1.917830000000018,0.9755794250764582
1.919500000000018,0.9760819571865493
1.921170000000018,0.9765844892966411
1.922840000000018,0.9770870214067329
1.9245100000000182,0.9775895535168251
1.9261800000000182,0.9780920856269169
1.9278500000000183,0.978594617737008
1.9295200000000183,0.9790971498471002
1.9311900000000184,0.9795996819571919
1.9328600000000185,0.9801022140672837
1.9345300000000185,0.980604746177375
1.9362000000000186,0.981107278287467
1.9378700000000186,0.9816098103975592
1.9395400000000187,0.9821123425076506
1.9412100000000188,0.9826148746177423
1.9428800000000188,0.9831174067278341
1.9445500000000189,0.9836199388379261
1.946220000000019,0.9841224709480179
1.947890000000019,0.9846250030581092
1.949560000000019,0.9851275351682014
1.9512300000000191,0.9856300672782932
1.9529000000000192,0.9861325993883847
1.9545700000000192,0.986635131498476
1.9562400000000193,0.9871376636085682
1.9579100000000194,0.9876401957186605
1.9595800000000194,0.9881427278287518
1.9612500000000195,0.9886452599388433
1.9629200000000195,0.9891477920489351
1.9645900000000196,0.9896503241590273
1.9662600000000197,0.9901528562691191
1.9679300000000197,0.9906553883792104
1.9696000000000198,0.9911573983739892
1.9712700000000198,0.9916543252032579
1.97294000000002,0.9921512520325262
1.97461000000002,0.992648178861794
1.97628000000002,0.9931451056910627
1.97795000000002,0.9936420325203312
1.9796200000000201,0.9941389593495991
1.9812900000000202,0.9946358861788673
1.9829600000000203,0.995132813008136
1.9846300000000203,0.9956297398374048
1.9863000000000204,0.9961266666666724
1.9879700000000204,0.9966235934959407
1.9896400000000205,0.9971205203252094
1.9913100000000206,0.9976174471544776
1.9929800000000206,0.9981143739837457
1.9946500000000207,0.998611300813014
1.9963200000000207,0.9991082276422822
1.9979900000000208,0.999605154471551
1.9996600000000209,1.0001020813008192
2.0013300000000207,1.000599008130087
2.0030000000000205,1.0010959349593556
2.0046700000000204,1.0015928617886238
2.00634000000002,1.0020897886178919
2.00801000000002,1.0025867154471604
2.00968000000002,1.0030836422764287
2.0113500000000197,1.0035805691056967
2.0130200000000196,1.004077495934965
2.0146900000000194,1.004574422764233
2.0163600000000192,1.0050713495935015
2.018030000000019,1.0055682764227698
2.019700000000019,1.0060652032520379
2.0213700000000188,1.0065621300813061
2.0230400000000186,1.0070590569105746
2.0247100000000184,1.0075559837398427
2.0263800000000183,1.008052910569111
2.028050000000018,1.008549837398379
2.029720000000018,1.0090467642276473
2.031390000000018,1.0095436910569158
2.0330600000000176,1.0100406178861838
2.0347300000000175,1.010537544715452
2.0364000000000173,1.0110344715447206
2.038070000000017,1.0115313983739884
2.039740000000017,1.012028325203257
2.041410000000017,1.0125252520325254
2.0430800000000167,1.0130221788617932
2.0447500000000165,1.0135191056910617
2.0464200000000163,1.01401603252033
2.048090000000016,1.014512959349598
2.049760000000016,1.0150098861788663
2.051430000000016,1.0155068130081344
2.0531000000000157,1.0160037398374029
2.0547700000000155,1.0165006666666712
2.0564400000000154,1.0169975934959392
2.058110000000015,1.0174945203252075
2.059780000000015,1.017991447154476
2.061450000000015,1.0184913761467933
2.0631200000000147,1.018993908256885
2.0647900000000146,1.0194964403669766
2.0664600000000144,1.0199989724770684
2.0681300000000142,1.02050150458716
2.069800000000014,1.021004036697252
2.071470000000014,1.0215065688073433
2.0731400000000137,1.0220091009174352
2.0748100000000136,1.0225116330275266
2.0764800000000134,1.0230141651376186
2.0781500000000133,1.02351669724771
2.079820000000013,1.0240192293578019
2.081490000000013,1.0245217614678939
2.083160000000013,1.0250242935779852
2.0848300000000126,1.0255268256880772
2.0865000000000125,1.0260293577981687
2.0881700000000123,1.0265318899082605
2.089840000000012,1.027034422018352
2.091510000000012,1.0275369541284438
2.093180000000012,1.0280394862385354
2.0948500000000116,1.0285420183486274
2.0965200000000115,1.0290445504587187
2.0981900000000113,1.0295470825688107
2.099860000000011,1.030049614678902
2.101530000000011,1.030552146788994
2.103200000000011,1.031054678899086
2.1048700000000107,1.0315572110091773
2.1065400000000105,1.0320597431192693
2.1082100000000104,1.0325622752293606
2.10988000000001,1.0330648073394526
2.11155000000001,1.0335673394495442
2.11322000000001,1.034069871559636
2.1148900000000097,1.0345724036697275
2.1165600000000095,1.0350749357798192
2.1182300000000094,1.0355774678899108
2.119900000000009,1.0360800000000026
2.121570000000009,1.036582532110094
2.123240000000009,1.037085064220186
2.1249100000000087,1.0375875963302774
2.1265800000000086,1.0380901284403694
2.1282500000000084,1.0385926605504612
2.1299200000000083,1.0390951926605527
2.131590000000008,1.0395977247706447
2.133260000000008,1.040100256880736
2.1349300000000078,1.040602788990828
2.1366000000000076,1.0411053211009194
2.1382700000000074,1.0416078532110113
2.1399400000000073,1.042110385321103
2.141610000000007,1.0426129174311947
2.143280000000007,1.0431154495412862
2.144950000000007,1.043617981651378
2.1466200000000066,1.0441205137614695
2.1482900000000065,1.0446230458715615
2.1499600000000063,1.0451255779816533
2.151630000000006,1.0456281100917448
2.153300000000006,1.0461306422018366
2.154970000000006,1.0466331743119281
2.1566400000000057,1.0471357064220201
2.1583100000000055,1.0476382385321115
2.1599800000000053,1.0481407706422035
2.161650000000005,1.0486433027522948
2.163320000000005,1.0491458348623868
2.164990000000005,1.0496483669724783
2.1666600000000047,1.05015089908257
2.1683300000000045,1.0506534311926616
2.1700000000000044,1.0511559633027534
2.171670000000004,1.051658495412845
2.173340000000004,1.0521610275229367
2.175010000000004,1.0526635596330287
2.1766800000000037,1.0531660917431203
2.1783500000000036,1.053668623853212
2.1800200000000034,1.0541711559633036
2.1816900000000032,1.0546736880733953
2.183360000000003,1.055176220183487
2.185030000000003,1.0556787522935789
2.1867000000000028,1.0561812844036702
2.1883700000000026,1.0566838165137622
2.1900400000000024,1.0571863486238535
2.1917100000000023,1.0576888807339455
2.193380000000002,1.058191412844037
2.195050000000002,1.0586939449541288
2.196720000000002,1.0591964770642208
2.1983900000000016,1.0596990091743121
2.2000600000000015,1.0602015412844041
2.2017300000000013,1.0607040733944957
2.203400000000001,1.0612066055045875
2.205070000000001,1.061709137614679
2.206740000000001,1.0622116697247708
2.2084100000000007,1.0627142018348623
2.2100800000000005,1.0632167339449543
2.2117500000000003,1.0637192660550456
2.21342,1.0642217981651376
2.21509,1.064724330275229
2.21676,1.065226862385321
2.2184299999999997,1.065729394495413
2.2200999999999995,1.0662319266055043
2.2217699999999994,1.0667344587155962
2.223439999999999,1.0672369908256876
2.225109999999999,1.0677395229357796
2.226779999999999,1.068242055045871
2.2284499999999987,1.0687445871559629
2.2301199999999985,1.0692471192660544
2.2317899999999984,1.0697496513761464
2.2334599999999982,1.0702521834862377
2.235129999999998,1.0707547155963297
2.236799999999998,1.071257247706421
2.2384699999999977,1.071759779816513
2.2401399999999976,1.072262311926605
2.2418099999999974,1.0727648440366964
2.2434799999999973,1.0732631544715439
2.245149999999997,1.0737600813008121
2.246819999999997,1.0742570081300802
2.2484899999999968,1.0747539349593487
2.2501599999999966,1.075250861788617
2.2518299999999964,1.075747788617885
2.2534999999999963,1.0762447154471533
2.255169999999996,1.0767416422764218
2.256839999999996,1.0772385691056898
2.258509999999996,1.077735495934958
2.2601799999999956,1.0782324227642262
2.2618499999999955,1.0787293495934944
2.2635199999999953,1.079226276422763
2.265189999999995,1.079723203252031
2.266859999999995,1.0802201300812992
2.268529999999995,1.0807170569105677
2.2701999999999947,1.0812139837398358
2.2718699999999945,1.081710910569104
2.2735399999999943,1.0822078373983726
2.275209999999994,1.0827047642276404
2.276879999999994,1.0832016910569089
2.278549999999994,1.083698617886177
2.2802199999999937,1.0841955447154452
2.2818899999999935,1.0846924715447137
2.2835599999999934,1.0851893983739815
2.285229999999993,1.08568632520325
2.286899999999993,1.0861832520325185
2.288569999999993,1.0866801788617864
2.2902399999999927,1.0871771056910549
2.2919099999999926,1.0876740325203231
2.2935799999999924,1.0881709593495912
2.2952499999999922,1.0886678861788597
2.296919999999992,1.0891648130081275
2.298589999999992,1.089661739837396
2.3002599999999918,1.0901586666666643
2.3019299999999916,1.0906555934959323
2.3035999999999914,1.0911525203252008
2.3052699999999913,1.091649447154469
2.306939999999991,1.0921463739837372
2.308609999999991,1.0926433008130054
2.310279999999991,1.093140227642274
2.3119499999999906,1.093637154471542
2.3136199999999905,1.0941340813008102
2.3152899999999903,1.0946310081300783
2.31695999999999,1.0951279349593466
2.31862999999999,1.095624861788615
2.32029999999999,1.0961217886178831
2.3219699999999897,1.0966187154471514
2.3236399999999895,1.09711564227642
2.3253099999999893,1.097612569105688
2.326979999999989,1.0981094959349562
2.328649999999989,1.0986064227642247
2.330319999999989,1.0991033495934925
2.3319899999999887,1.099600276422761
2.3336599999999885,1.10026258919469
2.3353299999999884,1.1016050094655503
2.336999999999988,1.102947429736411
2.338669999999988,1.1042898500072713
2.340339999999988,1.105632270278132
2.3420099999999877,1.1069746905489923
2.3436799999999876,1.108317110819853
2.3453499999999874,1.1096595310907134
2.3470199999999872,1.111001951361574
2.348689999999987,1.1123443716324342
2.350359999999987,1.113686791903295
2.3520299999999867,1.1150292121741552
2.3536999999999866,1.116371632445016
2.3553699999999864,1.1177140527158762
2.3570399999999863,1.119056472986737
2.358709999999986,1.1203988932575972
2.360379999999986,1.1217413135284575
2.3620499999999858,1.1230837337993183
2.3637199999999856,1.1244261540701785
2.3653899999999854,1.1257685743410393
2.3670599999999853,1.1271109946118996
2.368729999999985,1.1284534148827603
2.370399999999985,1.1297958351536206
2.372069999999985,1.131138255424481
2.3737399999999846,1.1324806756953414
2.3754099999999845,1.1338230959662021
2.3770799999999843,1.1351655162370624
2.378749999999984,1.1365079365079231
2.380419999999984,1.1378503567787834
2.382089999999984,1.1391927770496442
2.3837599999999837,1.1405351973205045
2.3854299999999835,1.1418776175913652
2.3870999999999833,1.1432200378622255
2.388769999999983,1.1445624581330858
2.390439999999983,1.1459048784039465
2.392109999999983,1.1472472986748068
2.3937799999999827,1.1485897189456673
2.3954499999999825,1.1499321392165276
2.3971199999999824,1.1512745594873883
2.398789999999982,1.1526169797582486
2.400459999999982,1.1539594000291094
2.402129999999982,1.1553018202999696
2.4037999999999817,1.1566442405708304
2.4054699999999816,1.1579866608416907
2.4071399999999814,1.1593290811125514
2.4088099999999812,1.1606715013834117
2.410479999999981,1.1620139216542724
2.412149999999981,1.1633563419251332
2.4138199999999808,1.1646987621959934
2.4154899999999806,1.1660411824668537
2.4171599999999804,1.1673836027377145
2.4188299999999803,1.168726023008575
2.42049999999998,1.1700684432794353
2.42216999999998,1.1714108635502956
2.42383999999998,1.1727532838211563
2.4255099999999796,1.174095704092017
2.4271799999999795,1.1754381243628773
2.4288499999999793,1.1767805446337376
2.430519999999979,1.1781229649045983
2.432189999999979,1.179465385175459
2.433859999999979,1.1808078054463194
2.4355299999999787,1.1821502257171796
2.4371999999999785,1.1834926459880404
2.4388699999999783,1.184829686141942
2.440539999999978,1.186155364558166
2.442209999999978,1.1874810429743898
2.443879999999978,1.1888067213906137
2.4455499999999777,1.190132399806838
2.4472199999999775,1.191458078223062
2.4488899999999774,1.1927837566392858
2.450559999999977,1.1941094350555097
2.452229999999977,1.1954351134717336
2.453899999999977,1.1967607918879575
2.4555699999999767,1.1980864703041814
2.4572399999999766,1.1994121487204055
2.4589099999999764,1.2007378271366294
2.4605799999999762,1.2020635055528532
2.462249999999976,1.2033891839690771
2.463919999999976,1.204714862385301
2.4655899999999757,1.206040540801525
2.4672599999999756,1.2073662192177488
2.4689299999999754,1.2086918976339727
2.4705999999999753,1.210017576050197
2.472269999999975,1.2113432544664209
2.473939999999975,1.2126689328826448
2.4756099999999748,1.2139946112988687
2.4772799999999746,1.2153202897150925
2.4789499999999745,1.2166459681313164
2.4806199999999743,1.2179716465475403
2.482289999999974,1.2192973249637646
2.483959999999974,1.2206230033799885
2.485629999999974,1.2219486817962124
2.4872999999999736,1.2232743602124363
2.4889699999999735,1.2246000386286602
2.4906399999999733,1.225925717044884
2.492309999999973,1.2272634143973373
2.493979999999973,1.2286058346681976
2.495649999999973,1.2299482549390583
2.4973199999999727,1.2312906752099186
2.4989899999999725,1.2326330954807794
2.5006599999999723,1.2339755157516397
2.502329999999972,1.2353179360225004
2.503999999999972,1.2366603562933607
2.505669999999972,1.2380027765642212
2.5073399999999717,1.2393451968350815
2.5090099999999715,1.2406876171059422
2.5106799999999714,1.2420300373768025
2.512349999999971,1.2433724576476632
2.514019999999971,1.2447148779185235
2.515689999999971,1.2460572981893843
2.5173599999999707,1.2473997184602446
2.5190299999999706,1.2487421387311053
2.5206999999999704,1.2500845590019656
2.5223699999999702,1.2514269792728263
2.52403999999997,1.2527693995436866
2.52570999999997,1.2541118198145473
2.5273799999999698,1.2554542400854076
2.5290499999999696,1.2567966603562684
2.5307199999999694,1.2581390806271286
2.5323899999999693,1.2594815008979894
2.534059999999969,1.2608239211688494
2.535729999999969,1.2621663414397102
2.537399999999969,1.2635087617105705
2.5390699999999686,1.2648511819814312
2.5407399999999685,1.2661936022522915
2.5424099999999683,1.2675360225231522
2.544079999999968,1.2688737421535228
2.545749999999968,1.270199420569747
2.547419999999968,1.271525098985971
2.5490899999999677,1.2728507774021949
2.5507599999999675,1.2741764558184188
2.5524299999999673,1.2755021342346426
2.554099999999967,1.2768278126508665
2.555769999999967,1.2781534910670904
2.557439999999967,1.279479169483314
2.5591099999999667,1.2808048478995384
2.5607799999999665,1.2821305263157623
2.5624499999999664,1.2834562047319862
2.564119999999966,1.28478188314821
2.565789999999966,1.286107561564434
2.567459999999966,1.2874332399806578
2.5691299999999657,1.2887589183968817
2.5707999999999656,1.290084596813106
2.5724699999999654,1.29141027522933
2.5741399999999652,1.2927359536455538
2.575809999999965,1.2940616320617777
2.577479999999965,1.2953873104780016
2.5791499999999647,1.2967129888942255
2.5808199999999646,1.2980386673104491
2.5824899999999644,1.2993643457266735
2.5841599999999643,1.3006900241428974
2.585829999999964,1.3020157025591212
2.587499999999964,1.3033413809753451
2.589169999999964,1.304667059391569
2.5908399999999636,1.305992737807793
2.5925099999999635,1.3073184162240168
2.5941799999999633,1.3086440946402407
2.595849999999963,1.309969773056465
2.597519999999963,1.311306790932449
2.599189999999963,1.3126492112033092
2.6008599999999626,1.31399163147417
2.6025299999999625,1.31533405174503
2.6041999999999623,1.3166764720158908
2.605869999999962,1.318019015356789
2.607539999999962,1.3193670409084732
2.609209999999962,1.320715066460157
2.6108799999999617,1.322063092011841
2.6125499999999615,1.3234111175635248
2.6142199999999614,1.324759143115209
2.615889999999961,1.3261071686668928
2.617559999999961,1.3274551942185764
2.619229999999961,1.3288032197702606
2.6208999999999607,1.3301512453219444
2.6225699999999605,1.3314992708736286
2.6242399999999604,1.3328472964253122
2.62590999999996,1.3341953219769964
2.62757999999996,1.3355433475286802
2.62924999999996,1.3368913730803642
2.6309199999999597,1.338239398632048
2.6325899999999596,1.3395874241837322
2.6342599999999594,1.340935449735416
2.6359299999999593,1.3422834752871
2.637599999999959,1.3436315008387838
2.639269999999959,1.344979526390468
2.6409399999999588,1.3463275519421518
2.6426099999999586,1.3476755774938358
2.6442799999999584,1.3490236030455196
2.6459499999999583,1.3503716285972034
2.647619999999958,1.3517196541488874
2.649289999999958,1.3530636585365508
2.650959999999958,1.3543949422335981
2.6526299999999576,1.3557262259306455
2.6542999999999575,1.3570575096276927
2.6559699999999573,1.35838879332474
2.657639999999957,1.3597200770217874
2.659309999999957,1.3610513607188353
2.660979999999957,1.3623826444158824
2.6626499999999567,1.3637139281129298
2.6643199999999565,1.3650452118099772
2.6659899999999563,1.3663764955070243
2.667659999999956,1.3677077792040717
2.669329999999956,1.369039062901119
2.670999999999956,1.370370346598167
2.6726699999999557,1.371701630295214
2.6743399999999555,1.3730329139922615
2.6760099999999554,1.3743641976893088
2.677679999999955,1.3756954813863562
2.679349999999955,1.3770267650834034
2.681019999999955,1.3783580487804508
2.6826899999999547,1.3796893324774981
2.6843599999999546,1.381020616174546
2.6860299999999544,1.3823518998715931
2.6876999999999542,1.3836831835686405
2.689369999999954,1.3850144672656879
2.691039999999954,1.386345750962735
2.6927099999999538,1.3876770346597824
2.6943799999999536,1.3890083183568298
2.6960499999999534,1.3903396020538776
2.6977199999999533,1.3916682826331508
2.699389999999953,1.3929939610493747
2.701059999999953,1.3943196394655986
2.702729999999953,1.3956559778651134
2.7043999999999526,1.3969983981359737
2.7060699999999525,1.3983408184068344
2.7077399999999523,1.3996832386776947
2.709409999999952,1.4010256589485555
2.711079999999952,1.4023680792194158
2.712749999999952,1.4037104994902765
2.7144199999999516,1.4050529197611368
2.7160899999999515,1.4063953400319975
2.7177599999999513,1.4077377603028578
2.719429999999951,1.4090801805737185
2.721099999999951,1.4104226008445788
2.722769999999951,1.4117650211154396
2.7244399999999507,1.4131074413862998
2.7261099999999505,1.4144498616571606
2.7277799999999504,1.4157922819280209
2.72944999999995,1.4171347021988816
2.73111999999995,1.418477122469742
2.73278999999995,1.4198195427406026
2.7344599999999497,1.4211619630114627
2.7361299999999495,1.4225043832823234
2.7377999999999494,1.4238468035531837
2.7394699999999492,1.4251892238240444
2.741139999999949,1.4265316440949047
2.742809999999949,1.4278740643657655
2.7444799999999487,1.4292164846366258
2.7461499999999486,1.4305589049074865
2.7478199999999484,1.4319013251783468
2.7494899999999483,1.4332437454492075
2.751159999999948,1.4345861657200678
2.752829999999948,1.4359285859909285
2.7544999999999478,1.4372676645742373
2.7561699999999476,1.4385933429904612
2.7578399999999474,1.439919021406685
2.7595099999999473,1.4412446998229094
2.761179999999947,1.4425703782391333
2.762849999999947,1.443896056655357
2.764519999999947,1.445221735071581
2.7661899999999466,1.4465474134878047
2.7678599999999465,1.4478730919040286
2.7695299999999463,1.4491987703202525
2.771199999999946,1.4505244487364763
2.772869999999946,1.4518501271527007
2.774539999999946,1.4531758055689246
2.7762099999999457,1.4545014839851484
2.7778799999999455,1.4558271624013723
2.7795499999999453,1.4571528408175962
2.781219999999945,1.45847851923382
2.782889999999945,1.459804197650044
2.784559999999945,1.4611298760662683
2.7862299999999447,1.4624555544824922
2.7878999999999445,1.463781232898716
2.7895699999999444,1.46510691131494
2.791239999999944,1.4664325897311639
2.792909999999944,1.4677582681473877
2.794579999999944,1.4690839465636116
2.7962499999999437,1.4704096249798357
2.7979199999999436,1.4717353033960596
2.7995899999999434,1.4730609818122835
2.8012599999999432,1.4743866602285074
2.802929999999943,1.4757123386447313
2.804599999999943,1.4770380170609552
2.8062699999999428,1.478363695477179
2.8079399999999426,1.4796993544002253
2.8096099999999424,1.4810417746710856
2.8112799999999423,1.4823841949419463
2.812949999999942,1.4837266152128066
2.814619999999942,1.4850690354836673
2.816289999999942,1.4864114557545276
2.8179599999999416,1.4877538760253883
2.8196299999999415,1.4890962962962486
2.8212999999999413,1.4904387165671094
2.822969999999941,1.4917811368379696
2.824639999999941,1.4931235571088304
2.826309999999941,1.4944659773796904
2.8279799999999407,1.4958083976505512
2.8296499999999405,1.4971508179214115
2.8313199999999403,1.4984932381922722
2.83298999999994,1.4998356584631325
2.83465999999994,1.5011780787339932
2.83632999999994,1.5025204990048535
2.8379999999999397,1.5038629192757142
2.8396699999999395,1.5052053395465745
2.8413399999999394,1.5065477598174353
2.843009999999939,1.5078901800882956
2.844679999999939,1.5092326003591563
2.846349999999939,1.5105750206300166
2.8480199999999387,1.5119174409008773
2.8496899999999385,1.5132598611717376
2.8513599999999384,1.5146022814425983
2.8530299999999382,1.5159447017134586
2.854699999999938,1.5172871219843194
2.856369999999938,1.5186295422551797
2.8580399999999377,1.5199719625260402
2.8597099999999376,1.5213117205858178
2.8613799999999374,1.522637399002042
2.8630499999999373,1.523963077418266
2.864719999999937,1.5252887558344899
2.866389999999937,1.5266144342507137
2.8680599999999368,1.5279401126669376
2.8697299999999366,1.5292657910831615
2.8713999999999364,1.5305914694993854
2.8730699999999363,1.5319171479156093
2.874739999999936,1.5332428263318332
2.876409999999936,1.5345685047480575
2.878079999999936,1.5358941831642814
2.8797499999999356,1.537219861580505
2.8814199999999355,1.5385455399967292
2.8830899999999353,1.5398712184129528
2.884759999999935,1.541196896829177
2.886429999999935,1.5425225752454006
2.888099999999935,1.5438482536616247
2.8897699999999347,1.5451739320778484
2.8914399999999345,1.5464996104940725
2.8931099999999343,1.5478252889102966
2.894779999999934,1.5491509673265207
2.896449999999934,1.5504766457427444
2.898119999999934,1.551802324158968
2.8997899999999337,1.5531280025751921
2.9014599999999335,1.5544536809914158
2.9031299999999334,1.55577935940764
2.904799999999933,1.5571050378238636
2.906469999999933,1.5584307162400877
2.908139999999933,1.5597563946563118
2.9098099999999327,1.5610820730725359
2.9114799999999326,1.5624077514887595
2.9131499999999324,1.5637427309353367
2.9148199999999322,1.5650851512061967
2.916489999999932,1.5664275714770577
2.918159999999932,1.5677699917479178
2.9198299999999318,1.5691124120187783
2.9214999999999316,1.5704548322896388
2.9231699999999314,1.5717972525604993
2.9248399999999313,1.5731396728313598
2.926509999999931,1.5744820931022203
2.928179999999931,1.5758245133730808
2.929849999999931,1.5771669336439413
2.9315199999999306,1.5785093539148018
2.9331899999999305,1.5798517741856624
2.9348599999999303,1.5811941944565229
2.93652999999993,1.5825366147273834
2.93819999999993,1.583879034998244
2.93986999999993,1.5852214552691044
2.9415399999999297,1.5865638755399645
2.9432099999999295,1.5879062958108254
2.9448799999999293,1.5892487160816855
2.946549999999929,1.5905911363525465
2.948219999999929,1.5919335566234065
2.949889999999929,1.5932759768942675
2.9515599999999287,1.5946183971651275
2.9532299999999285,1.5959608174359885
2.9548999999999284,1.5973032377068486
2.956569999999928,1.5986456579777095
2.958239999999928,1.5999880782485696
2.959909999999928,1.6013304985194305
2.9615799999999277,1.6026729187902906
2.9632499999999276,1.6040153390611516
2.9649199999999274,1.6053557765973983
2.9665899999999272,1.606681455013622
2.968259999999927,1.608007133429846
2.969929999999927,1.609334441591725
2.9715999999999267,1.6106657252887722
2.9732699999999266,1.6119970089858198
2.9749399999999264,1.6133282926828674
2.9766099999999263,1.6146595763799145
2.978279999999926,1.6159908600769621
2.979949999999926,1.6173221437740093
2.9816199999999258,1.6186534274710564
2.9832899999999256,1.619984711168104
2.9849599999999255,1.6213159948651512
2.9866299999999253,1.6226472785621988
2.988299999999925,1.6239785622592464
2.989969999999925,1.6253098459562936
2.991639999999925,1.6266411296533407
2.9933099999999246,1.6279724133503883
2.9949799999999245,1.6293036970474355
2.9966499999999243,1.630634980744483
2.998319999999924,1.6319662644415307
2.999989999999924,1.6332975481385779
3.001659999999924,1.6346288318356255
3.0033299999999237,1.6359601155326726
3.0049999999999235,1.6372913992297198
3.0066699999999233,1.6386226829267674
3.008339999999923,1.6399539666238145
3.010009999999923,1.6412852503208621
3.011679999999923,1.6426165340179097
3.0133499999999227,1.643947817714957
3.0150199999999225,1.6452791014120045
3.0166899999999224,1.6466103851090517
3.018359999999922,1.647950290359983
3.020029999999922,1.649298315911667
3.021699999999922,1.650646341463351
3.0233699999999217,1.6519943670150345
3.0250399999999216,1.653342392566719
3.0267099999999214,1.6546904181184026
3.0283799999999212,1.6560384436700866
3.030049999999921,1.6573864692217706
3.031719999999921,1.6587344947734546
3.0333899999999208,1.6600825203251386
3.0350599999999206,1.6614305458768226
3.0367299999999204,1.6627785714285062
3.0383999999999203,1.6641265969801906
3.04006999999992,1.6654746225318742
3.04173999999992,1.6668226480835582
3.04340999999992,1.6681706736352422
3.0450799999999196,1.6695186991869262
3.0467499999999195,1.6708667247386098
3.0484199999999193,1.6722147502902942
3.050089999999919,1.6735627758419778
3.051759999999919,1.6749108013936622
3.053429999999919,1.6762588269453458
3.0550999999999187,1.6776068524970298
3.0567699999999185,1.6789548780487138
3.0584399999999183,1.6803029036003978
3.060109999999918,1.6816509291520814
3.061779999999918,1.6829948449103744
3.063449999999918,1.6843372651812345
3.0651199999999177,1.6856796854520955
3.0667899999999175,1.6870221057229555
3.0684599999999174,1.6883645259938165
3.070129999999917,1.689705643006532
3.071799999999917,1.6910313214227561
3.073469999999917,1.6923569998389798
3.0751399999999167,1.6936826782552044
3.0768099999999166,1.695008356671428
3.0784799999999164,1.6963340350876521
3.0801499999999162,1.6976597135038758
3.081819999999916,1.6989853919201
3.083489999999916,1.7003110703363236
3.0851599999999157,1.7016367487525477
3.0868299999999156,1.7029624271687713
3.0884999999999154,1.704288105584995
3.0901699999999153,1.705613784001219
3.091839999999915,1.7069394624174432
3.093509999999915,1.7082651408336673
3.0951799999999148,1.709590819249891
3.0968499999999146,1.710916497666115
3.0985199999999145,1.7122421760823388
3.1001899999999143,1.7135678544985629
3.101859999999914,1.7148935329147865
3.103529999999914,1.7162192113310106
3.105199999999914,1.7175448897472343
3.1068699999999136,1.7188705681634588
3.1085399999999135,1.7201962465796825
3.1102099999999133,1.7215219249959062
3.111879999999913,1.7228476034121303
3.113549999999913,1.724173281828354
3.115219999999913,1.725498960244578
3.1168899999999127,1.7268246386608017
3.1185599999999125,1.7281503170770258
3.1202299999999124,1.7294759954932495
3.121899999999912,1.7308016739094736
3.123569999999912,1.732135294403112
3.125239999999912,1.733477714673973
3.1269099999999117,1.7348201349448336
3.1285799999999115,1.7361625552156945
3.1302499999999114,1.7375049754865541
3.131919999999911,1.738847395757415
3.133589999999911,1.7401898160282756
3.135259999999911,1.7415322362991352
3.1369299999999107,1.7428746565699962
3.1385999999999106,1.7442170768408567
3.1402699999999104,1.7455594971117177
3.1419399999999102,1.7469019173825773
3.14360999999991,1.7482443376534382
3.14527999999991,1.7495867579242987
3.1469499999999098,1.7509291781951597
3.1486199999999096,1.7522715984660193
3.1502899999999094,1.7536140187368803
3.1519599999999093,1.7549564390077408
3.153629999999909,1.7562988592786017
3.155299999999909,1.7576412795494614
3.156969999999909,1.7589836998203219
3.1586399999999086,1.7603261200911828
3.1603099999999085,1.7616685403620425
3.1619799999999083,1.7630109606329034
3.163649999999908,1.764353380903764
3.165319999999908,1.7656958011746249
3.166989999999908,1.7670382214454845
3.1686599999999077,1.7683806417163455
3.1703299999999075,1.769723061987206
3.1719999999999073,1.771065482258067
3.173669999999907,1.7724079025289265
3.175339999999907,1.7737496990181123
3.177009999999907,1.775075377434336
3.1786799999999067,1.7764010558505596
3.1803499999999065,1.7777267342667837
3.1820199999999064,1.7790524126830074
3.183689999999906,1.7803780910992315
3.185359999999906,1.7817037695154552
3.187029999999906,1.7830294479316793
3.1886999999999057,1.784355126347903
3.1903699999999056,1.785680804764128
3.1920399999999054,1.7870064831803516
3.1937099999999052,1.7883321615965757
3.195379999999905,1.7896578400127994
3.197049999999905,1.7909835184290235
3.1987199999999048,1.7923091968452471
3.2003899999999046,1.7936348752614713
3.2020599999999044,1.794960553677695
3.2037299999999043,1.7962862320939186
3.205399999999904,1.7976119105101427
3.207069999999904,1.7989375889263663
3.208739999999904,1.8002632673425905
3.2104099999999036,1.801588945758815
3.2120799999999035,1.8029146241750391
3.2137499999999033,1.8042403025912628
3.215419999999903,1.8055659810074869
3.217089999999903,1.8068916594237105
3.218759999999903,1.8082173378399347
3.2204299999999026,1.8095430162561583
3.2220999999999025,1.8108686946723824
3.2237699999999023,1.812194373088606
3.225439999999902,1.8135200515048298
3.227109999999902,1.8148457299210539
3.228779999999902,1.816178670938224
3.2304499999999017,1.817521091209085
3.2321199999999015,1.8188635114799445
3.2337899999999014,1.8202059317508055
3.235459999999901,1.821548352021666
3.237129999999901,1.822890772292526
3.238799999999901,1.8242331925633866
3.2404699999999007,1.8255756128342475
3.2421399999999005,1.826918033105108
3.2438099999999004,1.8282657826815543
3.2454799999999002,1.8296138082332383
3.2471499999999,1.8309618337849227
3.2488199999999,1.8323098593366067
3.2504899999998997,1.8336578848882898
3.2521599999998996,1.8350059104399743
3.2538299999998994,1.8363539359916583
3.2554999999998993,1.8377019615433423
3.257169999999899,1.8390499870950259
3.258839999999899,1.8403980126467099
3.2605099999998988,1.8417460381983943
3.2621799999998986,1.8430940637500774
3.2638499999998984,1.8444420893017615
3.2655199999998983,1.845790114853446
3.267189999999898,1.84713814040513
3.268859999999898,1.848486165956813
3.270529999999898,1.8498341915084975
3.2721999999998976,1.8511822170601815
3.2738699999998975,1.8525302426118655
3.2755399999998973,1.853878268163549
3.277209999999897,1.855226293715233
3.278879999999897,1.8565743192669175
3.280549999999897,1.8579223448186015
3.2822199999998967,1.8592536842104423
3.2838899999998965,1.86058496790749
3.2855599999998963,1.861916251604537
3.287229999999896,1.8632475353015843
3.288899999999896,1.8645788189986319
3.290569999999896,1.865910102695679
3.2922399999998957,1.8672413863927262
3.2939099999998955,1.8685726700897738
3.2955799999998954,1.869903953786821
3.297249999999895,1.8712352374838686
3.298919999999895,1.8725665211809157
3.300589999999895,1.8738978048779629
3.3022599999998947,1.8752290885750105
3.3039299999998946,1.8765603722720576
3.3055999999998944,1.8778916559691048
3.3072699999998942,1.8792229396661524
3.308939999999894,1.8805542233631996
3.310609999999894,1.8818855070602467
3.3122799999998938,1.8832167907572943
3.3139499999998936,1.8845480744543424
3.3156199999998934,1.88587935815139
3.3172899999998933,1.8872106418484371
3.318959999999893,1.8885419255454843
3.320629999999893,1.8898732092425319
3.322299999999893,1.891204492939579
3.3239699999998926,1.8925357766366262
3.3256399999998925,1.8938670603336738
3.3273099999998923,1.895198344030721
3.328979999999892,1.8965296277277681
3.330649999999892,1.8978609114248157
3.332319999999892,1.8991921951218629
3.3339899999998917,1.9013187715663773
3.3356599999998915,1.9046726017941205
3.3373299999998913,1.9080264320218632
3.338999999999891,1.9113802622496063
3.340669999999891,1.914734092477349
3.342339999999891,1.9180879227050922
3.3440099999998907,1.921441752932835
3.3456799999998905,1.924795583160578
3.3473499999998904,1.9281494133883208
3.34901999999989,1.931503243616064
3.35068999999989,1.9348570738438076
3.35235999999989,1.9382109040715498
3.3540299999998897,1.9415647342992934
3.3556999999998895,1.9449185645270357
3.3573699999998894,1.9482723947547793
3.3590399999998892,1.951626224982522
3.360709999999889,1.9549800552102652
3.362379999999889,1.958333885438008
3.3640499999998887,1.961687715665751
3.3657199999998886,1.9650415458934938
3.3673899999998884,1.968395376121237
3.3690599999998883,1.9717492063489797
3.370729999999888,1.9751030365767228
3.372399999999888,1.9784568668044655
3.3740699999998878,1.9818106970322087
3.3757399999998876,1.9851645272599514
3.3774099999998874,1.9885183574876946
3.3790799999998873,1.9918721877154373
3.380749999999887,1.9952260179431804
3.382419999999887,1.9985798481709232
3.384089999999887,2.0019336783986663
3.3857599999998866,2.005287508626409
3.3874299999998865,2.008641338854152
3.3890999999998863,2.011995169081896
3.390769999999886,2.015348999309638
3.392439999999886,2.0187028295373817
3.394109999999886,2.022056659765124
3.3957799999998857,2.0254104899928675
3.3974499999998855,2.02876432022061
3.3991199999998853,2.0321181504483534
3.400789999999885,2.0354719806760957
3.402459999999885,2.0388258109038393
3.404129999999885,2.0421796411315825
3.4057999999998847,2.045533471359325
3.4074699999998845,2.0488873015870683
3.4091399999998844,2.052241131814811
3.410809999999884,2.0555608806961354
3.412479999999884,2.058844444444215
3.414149999999884,2.062128008192295
3.4158199999998837,2.0654115719403743
3.4174899999998836,2.0686951356884533
3.4191599999998834,2.0719786994365337
3.4208299999998832,2.0752622631846127
3.422499999999883,2.078545826932692
3.424169999999883,2.081829390680771
3.4258399999998828,2.0851129544288516
3.4275099999998826,2.0883965181769306
3.4291799999998824,2.09168008192501
3.4308499999998823,2.09496364567309
3.432519999999882,2.0982472094211695
3.434189999999882,2.1015307731692485
3.435859999999882,2.104815458936959
3.4375299999998816,2.108169289164702
3.4391999999998815,2.1115318077800795
3.4408699999998813,2.1149023798624595
3.442539999999881,2.1182729519448382
3.444209999999881,2.1216435240272182
3.445879999999881,2.1250140961095974
3.4475499999998807,2.1283846681919774
3.4492199999998805,2.1317552402743565
3.4508899999998803,2.1351258123567365
3.45255999999988,2.1384963844391165
3.45422999999988,2.141866956521495
3.45589999999988,2.145237528603875
3.4575699999998797,2.1486081006862543
3.4592399999998795,2.1519786727686343
3.4609099999998794,2.1553492448510134
3.462579999999879,2.1587198169333934
3.464249999999879,2.1620903890157726
3.465919999999879,2.165460961098152
3.4675899999998787,2.1688315331805312
3.4692599999998786,2.1722021052629112
3.4709299999998784,2.1755726773452904
3.4725999999998782,2.1789432494276704
3.474269999999878,2.1823138215100495
3.475939999999878,2.1856843935924295
3.4776099999998777,2.1890549656748086
3.4792799999998776,2.192425537757188
3.4809499999998774,2.1957961098395673
3.4826199999998773,2.1991666819219473
3.484289999999877,2.2025372540043264
3.485959999999877,2.2059078260867064
3.4876299999998768,2.209249552914299
3.4892999999998766,2.212549858517016
3.4909699999998764,2.2158501641197312
3.4926399999998763,2.2191351425155426
3.494309999999876,2.2224187062636225
3.495979999999876,2.225702270011702
3.497649999999876,2.228985833759782
3.4993199999998756,2.2322693975078614
3.5009899999998755,2.2355529612559413
3.5026599999998753,2.2388365250040207
3.504329999999875,2.2421200887521007
3.505999999999875,2.24540365250018
3.507669999999875,2.248687216248259
3.5093399999998747,2.2519707799963395
3.5110099999998745,2.2552543437444186
3.5126799999998743,2.258537907492499
3.514349999999874,2.26188762364824
3.516019999999874,2.2652414538759826
3.517689999999874,2.268595284103726
3.5193599999998737,2.2719491143314685
3.5210299999998735,2.2753029445592117
3.5226999999998734,2.2786567747869544
3.524369999999873,2.2820106050146975
3.526039999999873,2.2853644352424403
3.527709999999873,2.2887182654701825
3.5293799999998727,2.292072095697926
3.5310499999998726,2.2954259259256684
3.5327199999998724,2.298779756153412
3.5343899999998722,2.3021335863811543
3.536059999999872,2.305487416608898
3.537729999999872,2.30884124683664
3.5393999999998718,2.312195077064383
3.5410699999998716,2.315548907292126
3.5427399999998714,2.3189027375198688
3.5444099999998713,2.3222645766587764
3.546079999999871,2.3256351487411564
3.547749999999871,2.3290057208235355
3.549419999999871,2.3323762929059155
3.5510899999998706,2.3357468649882946
3.5527599999998705,2.3391174370706738
3.5544299999998703,2.3424880091530533
3.55609999999987,2.3458585812354324
3.55776999999987,2.3492291533178116
3.55943999999987,2.3525997254001916
3.5611099999998697,2.3559702974825707
3.5627799999998695,2.3593408695649507
3.5644499999998693,2.3626878324841747
3.566119999999869,2.3659881380868915
3.567789999999869,2.369288443689607
3.569459999999869,2.3725887492923237
3.5711299999998687,2.3758890548950395
3.5727999999998685,2.3791893604977563
3.5744699999998684,2.382489666100472
3.576139999999868,2.385789971703189
3.577809999999868,2.389090277305905
3.579479999999868,2.392390582908621
3.5811499999998677,2.395690888511337
3.5828199999998676,2.398991194114054
3.5844899999998674,2.4022914997167697
3.5861599999998672,2.4055918053194865
3.587829999999867,2.4088921109222023
3.589499999999867,2.412192416524919
3.5911699999998667,2.415553638443664
3.5928399999998666,2.4189242105260442
3.5945099999998664,2.4222947826084233
3.5961799999998663,2.4256653546908034
3.597849999999866,2.429021279042747
3.599519999999866,2.432375109270489
3.6011899999998658,2.4357289394982327
3.6028599999998656,2.439082769725975
3.6045299999998655,2.4424365999537176
3.6061999999998653,2.445790430181461
3.607869999999865,2.4491442604092035
3.609539999999865,2.4524980906369467
3.611209999999865,2.4558519208646894
3.6128799999998646,2.4592057510924317
3.6145499999998645,2.4625595813201753
3.6162199999998643,2.4659134115479175
3.617889999999864,2.4692672417756603
3.619559999999864,2.472621072003404
3.621229999999864,2.475974902231146
3.6228999999998637,2.479328732458889
3.6245699999998635,2.482682562686632
3.6262399999998634,2.4860363929143747
3.627909999999863,2.489390223142118
3.629579999999863,2.4927440533698606
3.631249999999863,2.496097883597603
3.6329199999998627,2.4994517138253465
3.6345899999998625,2.5028055440530887
3.6362599999998624,2.5061593742808315
3.637929999999862,2.5095132045085746
3.639599999999862,2.5128670347363173
3.641269999999862,2.5162024918925376
3.6429399999998617,2.519486055640617
3.6446099999998616,2.522769619388697
3.6462799999998614,2.5260531831367765
3.6479499999998612,2.529336746884857
3.649619999999861,2.5326276400676324
3.651289999999861,2.535927945670349
3.6529599999998608,2.539228251273065
3.6546299999998606,2.542528556875782
3.6562999999998604,2.5458288624784973
3.6579699999998603,2.549129168081214
3.65963999999986,2.55242947368393
3.66130999999986,2.5557297792866467
3.66297999999986,2.5590300848893626
3.6646499999998596,2.5623303904920793
3.6663199999998595,2.565630696094795
3.6679899999998593,2.568986681921909
3.669659999999859,2.572357254004288
3.671329999999859,2.575727826086668
3.672999999999859,2.579098398169047
3.6746699999998587,2.582468970251427
3.6763399999998585,2.5858395423338063
3.6780099999998583,2.5892101144161854
3.679679999999858,2.592580686498565
3.681349999999858,2.595951258580944
3.683019999999858,2.5993218306633232
3.6846899999998577,2.6026924027457032
3.6863599999998575,2.6060629748280824
3.6880299999998574,2.6094335469104624
3.689699999999857,2.6128041189928415
3.691369999999857,2.6161746910752206
3.693039999999857,2.6195452631576
3.6947099999998567,2.6229158352399793
3.6963799999998566,2.6262864073223593
3.6980499999998564,2.6296569794047384
3.6997199999998562,2.6330275514871175
3.701389999999856,2.6363981235694975
3.703059999999856,2.63975472739791
3.7047299999998557,2.643108557625653
3.7063999999998556,2.6464623878533957
3.7080699999998554,2.649816218081139
3.7097399999998553,2.6531700483088816
3.711409999999855,2.656523878536624
3.713079999999855,2.6598777087643675
3.714749999999855,2.6632315389921097
3.7164199999998546,2.6665853692198533
3.7180899999998545,2.6699391994475956
3.7197599999998543,2.673293029675339
3.721429999999854,2.6766468599030815
3.723099999999854,2.680000690130824
3.724769999999854,2.6833545203585674
3.7264399999998536,2.68670835058631
3.7281099999998535,2.6900621808140524
3.7297799999998533,2.693416011041796
3.731449999999853,2.6967698412695382
3.733119999999853,2.700123671497281
3.734789999999853,2.703477501725024
3.7364599999998527,2.706831331952767
3.7381299999998525,2.71018516218051
3.7397999999998524,2.7135389924082527
3.741469999999852,2.716892822635995
3.743139999999852,2.7202466528637386
3.744809999999852,2.72353835125418
3.7464799999998517,2.7268219150022603
3.7481499999998515,2.7301054787503394
3.7498199999998514,2.7333890424984197
3.751489999999851,2.7366726062464988
3.753159999999851,2.739956169994579
3.754829999999851,2.743246383700886
3.7564999999998507,2.7465466893036012
3.7581699999998506,2.749846994906318
3.7598399999998504,2.753147300509034
3.7615099999998503,2.7564476061117507
3.76317999999985,2.7597479117144665
3.76484999999985,2.7630482173171833
3.7665199999998498,2.766348522919899
3.7681899999998496,2.7696488285226155
3.7698599999998494,2.7729783066358435
3.7715299999998493,2.7763488787182236
3.773199999999849,2.7797194508006027
3.774869999999849,2.7830900228829827
3.776539999999849,2.786460594965362
3.7782099999998486,2.789831167047741
3.7798799999998485,2.793201739130121
3.7815499999998483,2.7965723112124996
3.783219999999848,2.7999428832948796
3.784889999999848,2.8033134553772587
3.786559999999848,2.8066840274596387
3.7882299999998477,2.810054599542018
3.7898999999998475,2.813425171624397
3.7915699999998473,2.816795743706777
3.793239999999847,2.8201663157891557
3.794909999999847,2.8235368878715357
3.796579999999847,2.826907459953915
3.7982499999998467,2.830278032036295
3.7999199999998465,2.833648604118674
3.8015899999998464,2.837019176201053
3.803259999999846,2.840389748283433
3.804929999999846,2.8437603203658117
3.806599999999846,2.847130892448191
3.8082699999998457,2.8504881757530733
3.8099399999998456,2.8538420059808156
3.8116099999998454,2.8571958362085583
3.8132799999998452,2.8605496664363015
3.814949999999845,2.863903496664044
3.816619999999845,2.8672573268917874
3.8182899999998448,2.87061115711953
3.8199599999998446,2.8739649873472723
3.8216299999998444,2.8772619218293474
3.8232999999998443,2.8805454855774264
3.824969999999844,2.8838290493255068
3.826639999999844,2.887112613073586
3.828309999999844,2.890396176821666
3.8299799999998436,2.893679740569745
3.8316499999998435,2.8969633043178256
3.8333199999998433,2.9002468680659046
3.834989999999843,2.903530431813985
3.836659999999843,2.906813995562064
3.838329999999843,2.9100975593101444
3.8399999999998427,2.9133811230582234
3.8416699999998425,2.9166646868063038
3.8433399999998423,2.919948250554383
3.845009999999842,2.923231814302463
3.846679999999842,2.926539314469423
3.848349999999842,2.9298931446971657
3.8500199999998417,2.933246974924909
3.8516899999998415,2.9366008051526515
3.8533599999998414,2.939954635380394
3.855029999999841,2.9433084656081374
3.856699999999841,2.9466622958358797
3.858369999999841,2.9500161260636224
3.8600399999998407,2.953375926773124
3.8617099999998405,2.956746498855503
3.8633799999998404,2.960117070937883
3.8650499999998402,2.963487643020262
3.86671999999984,2.9668582151026412
3.86838999999984,2.9702287871850213
3.8700599999998397,2.9735993592674004
3.8717299999998396,2.976969931349779
3.8733999999998394,2.980340503432159
3.8750699999998393,2.983711075514538
3.876739999999839,2.9870816475969173
3.878409999999839,2.9904522196792973
3.8800799999998388,2.9938227917616764
3.8817499999998386,2.9971933638440564
3.8834199999998384,3.0005639359264356
3.8850899999998383,3.0039345080088147
3.886759999999838,3.0073050800911947
3.888429999999838,3.0106756521735734
3.890099999999838,3.0140462242559525
3.8917699999998376,3.0174167963383325
3.8934399999998375,3.0207873684207116
3.8951099999998373,3.0241579405030916
3.896779999999837,3.0275285125854707
3.898449999999837,3.0308474250138135
3.900119999999837,3.0341477306165294
3.9017899999998367,3.037448036219246
3.9034599999998365,3.0407483418219616
3.9051299999998363,3.0440486474246784
3.906799999999836,3.0473489530273943
3.908469999999836,3.050649258630111
3.910139999999836,3.053949564232827
3.9118099999998357,3.0572498698355437
3.9134799999998355,3.060537566137231
3.9151499999998354,3.063821129885311
3.916819999999835,3.0671046936333903
3.918489999999835,3.0703882573814703
3.920159999999835,3.0736718211295497
3.9218299999998347,3.0769553848776297
3.9234999999998346,3.0802576489529576
3.9251699999998344,3.0836114791807008
3.9268399999998342,3.0869653094084435
3.928509999999834,3.0903191396361867
3.930179999999834,3.0936729698639294
3.9318499999998338,3.0970268000916716
3.9335199999998336,3.1003806303194152
3.9351899999998334,3.1037344605471575
3.9368599999998333,3.1070882907749002
3.938529999999833,3.1104421210026434
3.940199999999833,3.113795951230386
3.941869999999833,3.1171497814581293
3.9435399999998326,3.120503611685872
3.9452099999998325,3.1238574419136143
3.9468799999998323,3.127211272141358
3.948549999999832,3.1305651023691
3.950219999999832,3.133918932596843
3.951889999999832,3.137272762824586
3.9535599999998317,3.1406265930523287
3.9552299999998315,3.143980423280072
3.9568999999998313,3.1473342535078146
3.958569999999831,3.1506880837355578
3.960239999999831,3.1540419139633005
3.961909999999831,3.1573957441910427
3.9635799999998307,3.1607495744187863
3.9652499999998305,3.164108695651818
3.9669199999998304,3.167479267734198
3.96858999999983,3.170849839816577
3.97025999999983,3.1742204118989568
3.97192999999983,3.177590983981336
3.9735999999998297,3.180961556063716
3.9752699999998296,3.18428570458369
3.9769399999998294,3.187586010186406
3.9786099999998292,3.1908863157891227
3.980279999999829,3.1941866213918386
3.981949999999829,3.197486926994555
3.9836199999998287,3.200787232597271
3.9852899999998286,3.2040875381999876
3.9869599999998284,3.2073878438027035
3.9886299999998283,3.2106881494054194
3.990299999999828,3.213988455008136
3.991969999999828,3.217288760610852
3.9936399999998278,3.2205890662135688
3.9953099999998276,3.223889371816284
3.9969799999998274,3.227189677419001
3.9986499999998273,3.230489983021717
4.000319999999827,3.23380375286005
4.001989999999827,3.237174324942429
4.003659999999827,3.240544897024809
4.005329999999827,3.243915469107188
4.0069999999998265,3.2472860411895677
4.008669999999826,3.2506566132719468
4.010339999999826,3.254027185354326
4.012009999999826,3.257397757436706
4.013679999999826,3.260768329519085
4.015349999999826,3.264138901601464
4.0170199999998255,3.267509473683844
4.018689999999825,3.2708681159416635
4.020359999999825,3.2742219461694066
4.022029999999825,3.2775757763971494
4.023699999999825,3.2809296066248916
4.025369999999825,3.2842834368526352
4.0270399999998245,3.2876372670803775
4.028709999999824,3.2909910973081202
4.030379999999824,3.2943449275358634
4.032049999999824,3.297698757763606
4.033719999999824,3.3010525879913493
4.035389999999824,3.304406418219092
4.037059999999824,3.307760248446835
4.038729999999823,3.311114078674578
4.040399999999823,3.314467908902321
4.042069999999823,3.3178217391300637
4.043739999999823,3.321175569357806
4.045409999999823,3.3245293995855496
4.047079999999823,3.327883229813292
4.048749999999822,3.3312370600410355
4.050419999999822,3.3345908902687778
4.052089999999822,3.3379447204965214
4.053759999999822,3.3412985507242636
4.055429999999822,3.3446523809520063
4.057099999999822,3.3480062111797495
4.0587699999998215,3.351360041407492
4.060439999999821,3.3547138716352345
4.062109999999821,3.358067701862978
4.063779999999821,3.3614215320907204
4.065449999999821,3.364775362318463
4.067119999999821,3.3681291925462062
4.0687899999998205,3.371483022773949
4.07045999999982,3.3748414645305123
4.07212999999982,3.3782120366128914
4.07379999999982,3.3815826086952705
4.07546999999982,3.3849531807776505
4.07713999999982,3.38830383701151
4.0788099999998195,3.3916041426142267
4.080479999999819,3.3949044482169426
4.082149999999819,3.3982047538196594
4.083819999999819,3.4015050594223752
4.085489999999819,3.404805365025092
4.087159999999819,3.4081056706278074
4.0888299999998186,3.411405976230524
4.090499999999818,3.41470628183324
4.092169999999818,3.418006587435957
4.093839999999818,3.4213068930386727
4.095509999999818,3.4246071986413895
4.097179999999818,3.4279075042441054
4.098849999999818,3.431207809846822
4.100519999999817,3.434508115449538
4.102189999999817,3.4378084210522544
4.103859999999817,3.4411659496563654
4.105529999999817,3.4445365217387445
4.107199999999817,3.4479070938211236
4.108869999999817,3.4512776659035036
4.1105399999998165,3.4546482379858827
4.112209999999816,3.458018810068262
4.113879999999816,3.461389382150642
4.115549999999816,3.464759954233021
4.117219999999816,3.468130526315401
4.118889999999816,3.4715010983977796
4.1205599999998155,3.4748716704801588
4.122229999999815,3.4782422425625388
4.123899999999815,3.4816015642968274
4.125569999999815,3.4849553945245697
4.127239999999815,3.488309224752313
4.128909999999815,3.491663054980056
4.1305799999998145,3.495016885207799
4.132249999999814,3.4983707154355415
4.133919999999814,3.5017245456632846
4.135589999999814,3.5050783758910278
4.137259999999814,3.50843220611877
4.138929999999814,3.5117860363465123
4.1405999999998135,3.5151398665742564
4.142269999999813,3.5184936968019986
4.143939999999813,3.521847527029741
4.145609999999813,3.525201357257484
4.147279999999813,3.5285551874852272
4.148949999999813,3.5319090177129704
4.150619999999813,3.5352628479407127
4.152289999999812,3.538616678168455
4.153959999999812,3.5419558286393107
4.155629999999812,3.5452393923873906
4.157299999999812,3.5485229561354696
4.158969999999812,3.5518065198835496
4.160639999999812,3.5550900836316304
4.162309999999811,3.5583736473797094
4.163979999999811,3.5616572111277893
4.165649999999811,3.5649407748758692
4.167319999999811,3.568224338623949
4.168989999999811,3.571507902372028
4.170659999999811,3.574791466120108
4.1723299999998105,3.578075029868188
4.17399999999981,3.581358593616268
4.17566999999981,3.5846460894166983
4.17733999999981,3.587946395019415
4.17900999999981,3.591246700622131
4.18067999999981,3.5945989931346096
4.1823499999998095,3.5979695652169896
4.184019999999809,3.6013401372993687
4.185689999999809,3.604710709381748
4.187359999999809,3.608081281464127
4.189029999999809,3.611451853546506
4.190699999999809,3.6148224256288852
4.1923699999998085,3.6181929977112652
4.194039999999808,3.6215635697936444
4.195709999999808,3.6249341418760244
4.197379999999808,3.6283047139584035
4.199049999999808,3.6316752860407826
4.200719999999808,3.6350458581231626
4.202389999999808,3.6384164302055417
4.204059999999807,3.641787002287921
4.205729999999807,3.645157574370301
4.207399999999807,3.648528146452679
4.209069999999807,3.651898718535059
4.210739999999807,3.655269290617438
4.212409999999807,3.6586398626998182
4.214079999999806,3.6620104347821973
4.215749999999806,3.6653810068645765
4.217419999999806,3.6687515789469565
4.219089999999806,3.6721221510293356
4.220759999999806,3.6754927231117156
4.222429999999806,3.6788632951940947
4.2240999999998055,3.6822338672764747
4.225769999999805,3.685604439358854
4.227439999999805,3.688975011441232
4.229109999999805,3.6923350126519905
4.230779999999805,3.6956793992144785
4.232449999999805,3.6989629629625576
4.2341199999998045,3.7022465267106375
4.235789999999804,3.7055300904587174
4.237459999999804,3.7088136542067964
4.239129999999804,3.7120972179548763
4.240799999999804,3.7153807817029554
4.242469999999804,3.718664345451036
4.2441399999998035,3.7219479091991152
4.245809999999803,3.725231472947195
4.247479999999803,3.728515036695274
4.249149999999803,3.731798600443355
4.250819999999803,3.735082164191434
4.252489999999803,3.738365727939513
4.2541599999998025,3.741649291687593
4.255829999999802,3.744932855435673
4.257499999999802,3.7482631700018825
4.259169999999802,3.7516170002296265
4.260839999999802,3.754970830457369
4.262509999999802,3.758324660685112
4.264179999999802,3.7616784909128542
4.265849999999801,3.7650323211405965
4.267519999999801,3.7683861513683414
4.269189999999801,3.7717399815960837
4.270859999999801,3.775093811823826
4.272529999999801,3.7784476420515682
4.274199999999801,3.7818014722793114
4.2758699999998,3.7851553025070537
4.2775399999998,3.7885091327347977
4.2792099999998,3.79186296296254
4.2808799999998,3.7952200457661647
4.2825499999998,3.798590617848544
4.2842199999998,3.801961189930923
4.2858899999997995,3.805331762013304
4.287559999999799,3.808702334095683
4.289229999999799,3.812072906178062
4.290899999999799,3.815443478260441
4.292569999999799,3.8188140503428203
4.294239999999799,3.8221846224251994
4.2959099999997985,3.8255551945075803
4.297579999999798,3.8289257665899594
4.299249999999798,3.8322963386723385
4.300919999999798,3.8356669107547177
4.302589999999798,3.839037482837097
4.304259999999798,3.8424080549194777
4.3059299999997975,3.845778627001857
4.307599999999797,3.8491449915106113
4.309269999999797,3.852445297113327
4.310939999999797,3.855745602716044
4.312609999999797,3.8590459083187607
4.314279999999797,3.8623462139214775
4.315949999999797,3.8656465195241925
4.317619999999796,3.8689468251269092
4.319289999999796,3.872247130729626
4.320959999999796,3.8755474363323428
4.322629999999796,3.8788477419350595
4.324299999999796,3.8821480475377745
4.325969999999796,3.8854483531404913
4.327639999999795,3.888748658743208
4.329309999999795,3.892048964345925
4.330979999999795,3.89534926994864
4.332649999999795,3.8986495755513566
4.334319999999795,3.9032431304340687
4.335989999999795,3.9087323478253717
4.3376599999997945,3.9142215652166756
4.339329999999794,3.9197107826079787
4.340999999999794,3.9251999999992826
4.342669999999794,3.9306892173905856
4.344339999999794,3.9361784347818896
4.346009999999794,3.9416676521731926
4.3476799999997935,3.9470922421135457
4.349349999999793,3.952345694798967
4.351019999999793,3.9575991474843875
4.352689999999793,3.962852600169809
4.354359999999793,3.968106052855229
4.356029999999793,3.9733595055406505
4.3576999999997925,3.978612958226071
4.359369999999792,3.983866410911494
4.361039999999792,3.9891198635969145
4.362709999999792,3.994373316282336
4.364379999999792,3.9996267689677563
4.366049999999792,4.004880221653178
4.3677199999997915,4.010133674338598
4.369389999999791,4.015387127024019
4.371059999999791,4.02064057970944
4.372729999999791,4.025894032394863
4.374399999999791,4.031147485080283
4.376069999999791,4.036473565216654
4.377739999999791,4.041962782607957
4.37940999999979,4.047451999999261
4.38107999999979,4.052941217390564
4.38274999999979,4.058430434781868
4.38441999999979,4.063919652173171
4.38608999999979,4.069408869564475
4.38775999999979,4.074898086955778
4.3894299999997894,4.080387304347081
4.391099999999789,4.085642796248219
4.392769999999789,4.09089624893364
4.394439999999789,4.096149701619063
4.396109999999789,4.101403154304483
4.397779999999789,4.106656606989905
4.3994499999997885,4.111910059675325
4.401119999999788,4.117163512360747
4.402789999999788,4.122416965046169
4.404459999999788,4.127670417731589
4.406129999999788,4.13292387041701
4.407799999999788,4.138177323102431
4.4094699999997875,4.143430775787852
4.411139999999787,4.148732194812676
4.412809999999787,4.154055913977761
4.414479999999787,4.159379633142845
4.416149999999787,4.164703352307929
4.417819999999787,4.170033032257296
4.4194899999997865,4.175592516128263
4.421159999999786,4.18115199999923
4.422829999999786,4.186711483870196
4.424499999999786,4.192270967741163
4.426169999999786,4.1978304516121305
4.427839999999786,4.203389935483097
4.429509999999786,4.208949419354064
4.431179999999785,4.214508903225031
4.432849999999785,4.219901328272499
4.434519999999785,4.225225047437584
4.436189999999785,4.230533759590056
4.437859999999785,4.2357872122754765
4.439529999999785,4.241040664960898
4.441199999999784,4.246294117646318
4.442869999999784,4.25154757033174
4.444539999999784,4.25680102301716
4.446209999999784,4.262054475702581
4.447879999999784,4.267307928388002
4.449549999999784,4.272561381073424
4.4512199999997835,4.277814833758845
4.452889999999783,4.283068286444266
4.454559999999783,4.288321739129687
4.456229999999783,4.2935751918151075
4.457899999999783,4.298828644500529
4.459569999999783,4.304082097185949
4.4612399999997825,4.309335549871372
4.462909999999782,4.314589002556793
4.464579999999782,4.319842455242214
4.466249999999782,4.3250959079276345
4.467919999999782,4.330349360613056
4.469589999999782,4.335602813298478
4.4712599999997815,4.340856265983899
4.472929999999781,4.34610971866932
4.474599999999781,4.351424347825297
4.476269999999781,4.3569135652166
4.477939999999781,4.362402782607904
4.479609999999781,4.367891999999207
4.4812799999997806,4.373381217390511
4.48294999999978,4.378870434781814
4.48461999999978,4.384359652173118
4.48628999999978,4.389848869564421
4.48795999999978,4.3953808172034945
4.48962999999978,4.400718026564691
4.49129999999978,4.406041745729775
4.492969999999779,4.4113654648948595
4.494639999999779,4.416689184059943
4.496309999999779,4.422012903225028
4.497979999999779,4.427336622390112
4.499649999999779,4.432660341555196
4.501319999999779,4.437984060720282
4.5029899999997784,4.443307779885366
4.504659999999778,4.4486314990504505
4.506329999999778,4.453955218215534
4.507999999999778,4.459278937380619
4.509669999999778,4.464602656545702
4.511339999999778,4.469926375710787
4.5130099999997775,4.475240323954889
4.514679999999777,4.480493776640312
4.516349999999777,4.485747229325733
4.518019999999777,4.491230956520925
4.519689999999777,4.496720173912229
4.521359999999777,4.502209391303532
4.5230299999997765,4.507698608694836
4.524699999999776,4.513187826086139
4.526369999999776,4.518677043477443
4.528039999999776,4.524166260868747
4.529709999999776,4.52965547826005
4.531379999999776,4.534989087808251
4.5330499999997755,4.540242540493671
4.534719999999775,4.545495993179093
4.536389999999775,4.550749445864513
4.538059999999775,4.556002898549934
4.539729999999775,4.561256351235357
4.541399999999775,4.566509803920778
4.543069999999775,4.571763256606199
4.544739999999774,4.57701670929162
4.546409999999774,4.582270161977041
4.548079999999774,4.587523614662462
4.549749999999774,4.592777067347883
4.551419999999774,4.598030520033304
4.553089999999774,4.603283972718727
4.554759999999773,4.608537425404148
4.556429999999773,4.613790878089569
4.558099999999773,4.61904433077499
4.559769999999773,4.624461391303513
4.561439999999773,4.629950608694817
4.563109999999773,4.63543982608612
4.5647799999997725,4.640966537633562
4.566449999999772,4.6465260215045285
4.568119999999772,4.652085505375496
4.569789999999772,4.657644989246462
4.571459999999772,4.663204473117429
4.573129999999772,4.668675015811959
4.5747999999997715,4.673998734977044
4.576469999999771,4.679322454142127
4.578139999999771,4.684646173307214
4.579809999999771,4.6899698924722975
4.581479999999771,4.695293611637382
4.583149999999771,4.700617330802466
4.5848199999997705,4.70594104996755
4.58648999999977,4.711264769132634
4.58815999999977,4.7165884882977185
4.58982999999977,4.721907672633455
4.59149999999977,4.727161125318875
4.59316999999977,4.732414578004296
4.5948399999997696,4.737668030689718
4.596509999999769,4.74292148337514
4.598179999999769,4.748174936060561
4.599849999999769,4.7534283887459825
4.601519999999769,4.758681841431403
4.603189999999769,4.763935294116824
4.604859999999769,4.769188746802247
4.606529999999768,4.774442199487668
4.608199999999768,4.779695652173089
4.609869999999768,4.7849491048585095
4.611539999999768,4.790202557543931
4.613209999999768,4.795456010229352
4.614879999999768,4.800709462914773
4.6165499999997675,4.806181739129572
4.618219999999767,4.811670956520876
4.619889999999767,4.817160173912179
4.621559999999767,4.822649391303483
4.623229999999767,4.828138608694786
4.624899999999767,4.83362782608609
4.6265699999997665,4.839117043477392
4.628239999999766,4.844606260868695
4.629909999999766,4.849951321397291
4.631579999999766,4.855204774082712
4.633249999999766,4.860458226768133
4.634919999999766,4.865711679453554
4.6365899999997655,4.870965132138975
4.638259999999765,4.876218584824396
4.639929999999765,4.881472037509817
4.641599999999765,4.886757748259744
4.643269999999765,4.89208146742483
4.644939999999765,4.897405186589914
4.6466099999997645,4.902728905754998
4.648279999999764,4.908052624920082
4.649949999999764,4.913376344085166
4.651619999999764,4.918700063250251
4.653289999999764,4.924023782415334
4.654959999999764,4.929347501580419
4.656629999999764,4.934671220745503
4.658299999999763,4.940147096773298
4.659969999999763,4.945706580644265
4.661639999999763,4.951266064515232
4.663309999999763,4.956825548386198
4.664979999999763,4.962385032257165
4.666649999999763,4.9679445161281315
4.668319999999762,4.973434434781717
4.669989999999762,4.9789236521730205
4.671659999999762,4.984335379368283
4.673329999999762,4.9895888320537045
4.674999999999762,4.994842284739125
4.676669999999762,5.000095737424546
4.6783399999997615,5.005349190109968
4.680009999999761,5.010602642795388
4.681679999999761,5.015856095480809
4.683349999999761,5.0211095481662325
4.685019999999761,5.026363000851653
4.686689999999761,5.031616453537074
4.6883599999997605,5.036869906222495
4.69002999999976,5.042123358907916
4.69169999999976,5.047376811593337
4.69336999999976,5.052630264278758
4.69503999999976,5.057883716964179
4.69670999999976,5.063137169649601
4.6983799999997595,5.068390622335023
4.700049999999759,5.073644075020444
4.701719999999759,5.078897527705864
4.703389999999759,5.084150980391286
4.705059999999759,5.089404433076706
4.706729999999759,5.094657885762127
4.708399999999759,5.099911338447548
4.710069999999758,5.105164791132971
4.711739999999758,5.110418243818392
4.713409999999758,5.115671696503813
4.715079999999758,5.121132521738217
4.716749999999758,5.12662173912952
4.718419999999758,5.132110956520824
4.720089999999757,5.137600173912127
4.721759999999757,5.143089391303431
4.723429999999757,5.148578608694735
4.725099999999757,5.154067826086038
4.726769999999757,5.159557043477342
4.728439999999757,5.164913554986329
4.7301099999997565,5.17016700767175
4.731779999999756,5.175420460357173
4.733449999999756,5.180673913042593
4.735119999999756,5.1859273657280145
4.736789999999756,5.191180818413436
4.738459999999756,5.196434271098858
4.7401299999997555,5.201687723784279
4.741799999999755,5.206941176469701
4.743469999999755,5.212200379505742
4.745139999999755,5.217524098670826
4.746809999999755,5.222847817835911
4.748479999999755,5.228171537000996
4.7501499999997545,5.233495256166081
4.751819999999754,5.2388189753311645
4.753489999999754,5.244142694496249
4.755159999999754,5.249466413661333
4.756829999999754,5.2549308387087335
4.758499999999754,5.2604903225797
4.7601699999997535,5.266049806450667
4.761839999999753,5.271609290321634
4.763509999999753,5.2771687741926
4.765179999999753,5.2827282580635675
4.766849999999753,5.288287741934534
4.768519999999753,5.293847225805501
4.770189999999753,5.299297612957322
4.771859999999752,5.304551065642743
4.773529999999752,5.309804518328166
4.775199999999752,5.315057971013586
4.776869999999752,5.320311423699008
4.778539999999752,5.325564876384428
4.780209999999752,5.330818329069849
4.781879999999751,5.336071781755271
4.783549999999751,5.341325234440691
4.785219999999751,5.3465786871261125
4.786889999999751,5.351832139811535
4.788559999999751,5.357085592496956
4.790229999999751,5.3623390451823765
4.7918999999997505,5.367592497867798
4.79356999999975,5.372845950553219
4.79523999999975,5.3780994032386396
4.79690999999975,5.383352855924061
4.79857999999975,5.38868034782513
4.80024999999975,5.394169565216434
4.8019199999997495,5.399658782607738
4.803589999999749,5.405147999999041
4.805259999999749,5.410637217390345
4.806929999999749,5.416126434781649
4.808599999999749,5.421615652172954
4.810269999999749,5.427104869564258
4.8119399999997485,5.432594086955561
4.813609999999748,5.437848167092001
4.815279999999748,5.443101619777423
4.816949999999748,5.448355072462843
4.818619999999748,5.453608525148264
4.820289999999748,5.458862492092674
4.821959999999748,5.464186211257759
4.823629999999747,5.469509930422842
4.825299999999747,5.474833649587929
4.826969999999747,5.480157368753012
4.828639999999747,5.485481087918097
4.830309999999747,5.4908048070831805
4.831979999999747,5.496128526248265
4.833649999999746,5.501452245413349
4.835319999999746,5.506775964578433
4.836989999999746,5.512099683743517
4.838659999999746,5.517423402908603
4.840329999999746,5.522747122073687
4.841999999999746,5.528070841238772
4.8436699999997455,5.533394560403855
4.845339999999745,5.53871827956894
4.847009999999745,5.54400417732216
4.848679999999745,5.549257630007581
4.850349999999745,5.5545110826930015
4.852019999999745,5.559764535378425
4.8536899999997445,5.565017988063846
4.855359999999744,5.570400695651188
4.857029999999744,5.5758899130424915
4.858699999999744,5.581379130433795
4.860369999999744,5.5868683478250984
4.862039999999744,5.592357565216402
4.8637099999997435,5.597846782607705
4.865379999999743,5.603335999999009
4.867049999999743,5.608825217390313
4.868719999999743,5.614259846546362
4.870389999999743,5.619513299231783
4.872059999999743,5.624766751917204
4.8737299999997425,5.630020204602626
4.875399999999742,5.635273657288048
4.877069999999742,5.640527109973468
4.878739999999742,5.6457805626588895
4.880409999999742,5.651034015344313
4.882079999999742,5.656287468029733
4.883749999999742,5.661540920715154
4.885419999999741,5.666794373400576
4.887089999999741,5.672047826085996
4.888759999999741,5.677301278771417
4.890429999999741,5.68255473145684
4.892099999999741,5.687808184142261
4.893769999999741,5.693061636827682
4.89543999999974,5.698315089513103
4.89710999999974,5.703631130433778
4.89877999999974,5.709185892472102
4.90044999999974,5.7147453763430685
4.90211999999974,5.720304860214035
4.90378999999974,5.725864344085002
4.9054599999997395,5.731423827955968
4.907129999999739,5.736983311826935
4.908799999999739,5.742542795697902
4.910469999999739,5.748102279568869
4.912139999999739,5.753438077165365
4.913809999999739,5.758761796330449
4.9154799999997385,5.764085515495535
4.917149999999738,5.769409234660619
4.918819999999738,5.774732953825703
4.920489999999738,5.780056672990788
4.922159999999738,5.785380392155871
4.923829999999738,5.7906715260007235
4.9254999999997375,5.795924978686145
4.927169999999737,5.801178431371566
4.928839999999737,5.806431884056988
4.930509999999737,5.81168533674241
4.932179999999737,5.816938789427831
4.933849999999737,5.8221922421132515
4.935519999999737,5.827445694798673
4.937189999999736,5.832699147484094
4.938859999999736,5.837952600169515
4.940529999999736,5.8434377391294055
4.942199999999736,5.8489269565207085
4.943869999999736,5.854416173912014
4.945539999999736,5.859905391303318
4.947209999999735,5.865394608694621
4.948879999999735,5.870883826085925
4.950549999999735,5.876373043477228
4.952219999999735,5.881862260868532
4.953889999999735,5.887194458652035
4.955559999999735,5.892447911337455
4.9572299999997345,5.897701364022876
4.958899999999734,5.902954816708297
4.960569999999734,5.908208269393718
4.962239999999734,5.913461722079139
4.963909999999734,5.91871517476456
4.965579999999734,5.923968627449981
4.9672499999997335,5.929222080135403
4.968919999999733,5.934475532820825
4.970589999999733,5.939728985506245
4.972259999999733,5.9449824381916665
4.973929999999733,5.950235890877087
4.975599999999733,5.955549652117896
4.9772699999997325,5.960873371282981
4.978939999999732,5.966197090448064
4.980609999999732,5.971520809613151
4.982279999999732,5.976844528778235
4.983949999999732,5.982168247943319
4.985619999999732,5.9874919671084035
4.9872899999997315,5.992815686273487
4.988959999999731,5.998139405438572
4.990629999999731,6.003463124603655
4.992299999999731,6.00878684376874
4.993969999999731,6.014110562933825
4.995639999999731,6.019485419353769
4.997309999999731,6.025044903224736
4.99897999999973,6.0306043870957025
5.00064999999973,6.03613652173807
5.00231999999973,6.041625739129373
5.00398999999973,6.0471149565206765
5.00565999999973,6.0526041739119805
5.00732999999973,6.0580933913032835
5.0089999999997294,6.063582608694587
5.010669999999729,6.068859590791816
5.012339999999729,6.074113043477237
5.014009999999729,6.07936649616266
5.015679999999729,6.084619948848081
5.017349999999729,6.089873401533501
5.0190199999997285,6.095126854218923
5.020689999999728,6.100380306904343
5.022359999999728,6.105633759589766
5.024029999999728,6.110887212275188
5.025699999999728,6.116140664960608
5.027369999999728,6.121394117646029
5.0290399999997275,6.12664757033145
5.030709999999727,6.131901023016871
5.032379999999727,6.137154475702294
5.034049999999727,6.142407928387715
5.035719999999727,6.147661381073136
5.037389999999727,6.152914833758556
5.0390599999997265,6.158388521738052
5.040729999999726,6.163877739129355
5.042399999999726,6.169366956520659
5.044069999999726,6.174856173911963
5.045739999999726,6.180345391303266
5.047409999999726,6.18583460869457
5.049079999999726,6.191323826085873
5.050749999999725,6.196813043477177
5.052419999999725,6.202156692241072
5.054089999999725,6.207410144926493
5.055759999999725,6.212663597611915
5.057429999999725,6.217917050297337
5.059099999999725,6.223170502982758
5.060769999999724,6.2284239556681795
5.062439999999724,6.2336774083536
5.064109999999724,6.238930861039021
5.065779999999724,6.244184313724442
5.067449999999724,6.249437766409863
5.069119999999724,6.254691219095284
5.0707899999997235,6.259944671780707
5.072459999999723,6.265198124466128
5.074129999999723,6.270451577151549
5.075799999999723,6.27570502983697
5.077469999999723,6.280992283363894
5.079139999999723,6.286316002528978
5.0808099999997225,6.291639721694062
5.082479999999722,6.296963440859148
5.084149999999722,6.302287160024232
5.085819999999722,6.3076108791893155
5.087489999999722,6.3129345983544
5.089159999999722,6.3182583175194855
5.0908299999997215,6.32358203668457
5.092499999999721,6.328905755849654
5.094169999999721,6.334269161289206
5.095839999999721,6.339828645160172
5.097509999999721,6.345388129031139
5.099179999999721,6.350947612902106
5.1008499999997206,6.356507096773071
5.10251999999972,6.362065739129323
5.10418999999972,6.367554956520626
5.10585999999972,6.37304417391193
5.10752999999972,6.378533391303234
5.10919999999972,6.383821824380857
5.11086999999972,6.389075277066278
5.112539999999719,6.394328729751699
5.114209999999719,6.39958218243712
5.115879999999719,6.4048356351225415
5.117549999999719,6.410089087807962
5.119219999999719,6.415342540493383
5.120889999999719,6.420595993178805
5.1225599999997184,6.425849445864227
5.124229999999718,6.431102898549648
5.125899999999718,6.436356351235069
5.127569999999718,6.44160980392049
5.129239999999718,6.446863256605911
5.130909999999718,6.452116709291332
5.1325799999997175,6.457370161976753
5.134249999999717,6.462623614662174
5.135919999999717,6.467877067347595
5.137589999999717,6.473339304346699
5.139259999999717,6.478828521738003
5.140929999999717,6.484317739129306
5.1425999999997165,6.48980695652061
5.144269999999716,6.495296173911913
5.145939999999716,6.500785391303217
5.147609999999716,6.506274608694521
5.149279999999716,6.511763826085822
5.150949999999716,6.517118925830113
5.1526199999997155,6.522372378515534
5.154289999999715,6.527654395950826
5.155959999999715,6.532978115115911
5.157629999999715,6.538301834280996
5.159299999999715,6.54362555344608
5.160969999999715,6.548949272611164
5.162639999999715,6.55427299177625
5.164309999999714,6.559596710941334
5.165979999999714,6.564920430106418
5.167649999999714,6.5702441492715025
5.169319999999714,6.575567868436586
5.170989999999714,6.580891587601671
5.172659999999714,6.586215306766754
5.174329999999713,6.591539025931839
5.175999999999713,6.596862745096924
5.177669999999713,6.602186464262009
5.179339999999713,6.607652301074107
5.181009999999713,6.613145913042328
5.182679999999713,6.618635130433631
5.1843499999997125,6.624124347824935
5.186019999999712,6.629613565216239
5.187689999999712,6.635102782607542
5.189359999999712,6.640591999998846
5.191029999999712,6.646081217390149
5.192699999999712,6.651502983801105
5.1943699999997115,6.656756436486527
5.196039999999711,6.662009889171947
5.197709999999711,6.667263341857368
5.199379999999711,6.67251679454279
5.201049999999711,6.677770247228212
5.202719999999711,6.683023699913633
5.2043899999997105,6.6882771525990545
5.20605999999971,6.693530605284475
5.20772999999971,6.698784057969896
5.20939999999971,6.704037510655317
5.21106999999971,6.709290963340738
5.21273999999971,6.7145444160261585
5.2144099999997096,6.719797868711582
5.216079999999709,6.725051321397003
5.217749999999709,6.730304774082423
5.219419999999709,6.735558226767845
5.221089999999709,6.740811679453265
5.222759999999709,6.746065132138686
5.224429999999709,6.751318584824109
5.226099999999708,6.75657203750953
5.227769999999708,6.761825490194951
5.229439999999708,6.767078942880372
5.231109999999708,6.772355724224034
5.232779999999708,6.777679443389117
5.234449999999708,6.783003162554202
5.2361199999997075,6.788524215052574
5.237789999999707,6.794083698923541
5.239459999999707,6.799643182794507
5.241129999999707,6.805202666665474
5.242799999999707,6.8107621505364415
5.244469999999707,6.816321634407408
5.2461399999997065,6.821881118278375
5.247809999999706,6.827440602149341
5.249479999999706,6.832877419353687
5.251149999999706,6.83820113851877
5.252819999999706,6.843524857683857
5.254489999999706,6.84884857684894
5.2561599999997055,6.854172296014025
5.257829999999705,6.859435379367996
5.259499999999705,6.864688832053416
5.261169999999705,6.869942284738837
5.262839999999705,6.875195737424258
5.264509999999705,6.88044919010968
5.2661799999997045,6.885702642795103
5.267849999999704,6.890956095480522
5.269519999999704,6.896209548165944
5.271189999999704,6.901463000851365
5.272859999999704,6.906716453536786
5.274529999999704,6.9119699062222075
5.276199999999704,6.917223358907629
5.277869999999703,6.922607478259669
5.279539999999703,6.928096695650973
5.281209999999703,6.933585913042277
5.282879999999703,6.939075130433581
5.284549999999703,6.944564347824885
5.286219999999703,6.950053565216187
5.287889999999702,6.955542782607491
5.289559999999702,6.961031999998795
5.291229999999702,6.966465217390146
5.292899999999702,6.971718670075568
5.294569999999702,6.976972122760987
5.296239999999702,6.982225575446408
5.2979099999997015,6.9874790281318315
5.299579999999701,6.992732480817253
5.301249999999701,6.997985933502674
5.302919999999701,7.0032393861880955
5.304589999999701,7.008492838873517
5.306259999999701,7.013746291558938
5.3079299999997005,7.019017836810967
5.3095999999997,7.024341555976051
5.3112699999997,7.029665275141134
5.3129399999997,7.034988994306218
5.3146099999997,7.0403127134713035
5.3162799999997,7.045636432636387
5.3179499999996995,7.050960151801473
5.319619999999699,7.056283870966556
5.321289999999699,7.06160759013164
5.322959999999699,7.066931309296725
5.324629999999699,7.072255028461809
5.326299999999699,7.077578747626893
5.327969999999699,7.082902466791976
5.329639999999698,7.08822618595706
5.331309999999698,7.093549905122147
5.332979999999698,7.098873624287231
5.334649999999698,7.0982904918035015
5.336319999999698,7.096122229508419
5.337989999999698,7.093953967213338
5.339659999999697,7.091785704918257
5.341329999999697,7.089617442623176
5.342999999999697,7.087449180328093
5.344669999999697,7.085280918033012
5.346339999999697,7.083112655737931
5.348009999999697,7.081055609129081
5.3496799999996965,7.0791231115398805
5.351349999999696,7.077190613950682
5.353019999999696,7.075258116361484
5.354689999999696,7.073325618772284
5.356359999999696,7.071393121183084
5.358029999999696,7.069460623593885
5.3596999999996955,7.067528126004687
5.361369999999695,7.065595628415487
5.363039999999695,7.0636631308262885
5.364709999999695,7.06173063323709
5.366379999999695,7.059798135647892
5.368049999999695,7.057865638058692
5.3697199999996945,7.055933140469492
5.371389999999694,7.054000642880293
5.373059999999694,7.052068145291095
5.374729999999694,7.050135647701897
5.376399999999694,7.048083934426467
5.378069999999694,7.045915672131386
5.3797399999996935,7.043747409836305
5.381409999999693,7.041579147541224
5.383079999999693,7.039410885246143
5.384749999999693,7.0372426229510605
5.386419999999693,7.03507436065598
5.388089999999693,7.032906098360899
5.389759999999693,7.030782385085381
5.391429999999692,7.028849887496181
5.393099999999692,7.026917389906981
5.394769999999692,7.024984892317782
5.396439999999692,7.023052394728584
5.398109999999692,7.021119897139384
5.399779999999692,7.019187399550184
5.401449999999691,7.017254901960985
5.403119999999691,7.015322404371785
5.404789999999691,7.013389906782587
5.406459999999691,7.011457409193389
5.408129999999691,7.0095249116041884
5.409799999999691,7.007592414014988
5.4114699999996905,7.00565991642579
5.41313999999969,7.003727418836592
5.41480999999969,7.001794921247392
5.41647999999969,6.999862423658193
5.41814999999969,6.997877377049431
5.41981999999969,6.99570911475435
5.4214899999996895,6.993540852459267
5.423159999999689,6.991372590164186
5.424829999999689,6.989204327869107
5.426499999999689,6.987036065574026
5.428169999999689,6.984867803278943
5.429839999999689,6.982699540983862
5.4315099999996885,6.980531278688781
5.433179999999688,6.9785766634524755
5.434849999999688,6.976644165863277
5.436519999999688,6.974711668274079
5.438189999999688,6.9727791706848805
5.439859999999688,6.970846673095682
5.441529999999688,6.968914175506484
5.443199999999687,6.9669816779172855
5.444869999999687,6.965049180328087
5.446539999999687,6.9631166827388835
5.448209999999687,6.961184185149685
5.449879999999687,6.959251687560487
5.451549999999687,6.9573191899712885
5.453219999999686,6.95538669238209
5.454889999999686,6.953454194792892
5.456559999999686,6.9515216972036935
5.458229999999686,6.949589199614495
5.459899999999686,6.947656702025295
5.461569999999686,6.945724204436097
5.4632399999996855,6.943791706846898
5.464909999999685,6.9418592092576965
5.466579999999685,6.939926711668496
5.468249999999685,6.937994214079298
5.469919999999685,6.9360617164901
5.471589999999685,6.934129218900901
5.4732599999996845,6.932196721311703
5.474929999999684,6.930156459016667
5.476599999999684,6.927988196721582
5.478269999999684,6.925819934426501
5.479939999999684,6.92365167213142
5.481609999999684,6.921483409836339
5.4832799999996835,6.919315147541258
5.484949999999683,6.917146885246174
5.486619999999683,6.914978622951093
5.488289999999683,6.912843458695182
5.489959999999683,6.910910961105984
5.491629999999683,6.908978463516785
5.4932999999996825,6.907045965927587
5.494969999999682,6.905113468338389
5.496639999999682,6.90318097074919
5.498309999999682,6.90124847315999
5.499979999999682,6.899315975570792
5.501649999999682,6.8973834779815935
5.503319999999682,6.895450980392392
5.504989999999681,6.893518482803193
5.506659999999681,6.891585985213995
5.508329999999681,6.889653487624797
5.509999999999681,6.887720990035598
5.511669999999681,6.885788492446398
5.513339999999681,6.8838559948572
5.5150099999996804,6.8819234972680015
5.51667999999968,6.879949901639634
5.51834999999968,6.877781639344553
5.52001999999968,6.875613377049472
5.52168999999968,6.873445114754388
5.52335999999968,6.871276852459307
5.5250299999996795,6.869108590164226
5.526699999999679,6.866940327869145
5.528369999999679,6.864772065574062
5.530039999999679,6.862603803278978
5.531709999999679,6.860637737062282
5.533379999999679,6.858705239473084
5.5350499999996785,6.856772741883885
5.536719999999678,6.854840244294685
5.538389999999678,6.852907746705487
5.540059999999678,6.850975249116285
5.541729999999678,6.849042751527087
5.543399999999678,6.847110253937888
5.5450699999996775,6.84517775634869
5.546739999999677,6.843245258759492
5.548409999999677,6.841312761170293
5.550079999999677,6.839380263581093
5.551749999999677,6.837447765991895
5.553419999999677,6.8355152684026965
5.555089999999677,6.833582770813498
5.556759999999676,6.831650273224296
5.558429999999676,6.829717775635098
5.560099999999676,6.827575081967515
5.561769999999676,6.825406819672434
5.563439999999676,6.823238557377353
5.565109999999676,6.821070295082269
5.566779999999675,6.818902032787188
5.568449999999675,6.816733770492107
5.570119999999675,6.814565508197026
5.571789999999675,6.812397245901945
5.573459999999675,6.810364513018582
5.575129999999675,6.808432015429382
5.5767999999996745,6.80649951784018
5.578469999999674,6.804567020250982
5.580139999999674,6.8026345226617835
5.581809999999674,6.800702025072585
5.583479999999674,6.798769527483387
5.585149999999674,6.7968370298941885
5.5868199999996735,6.79490453230499
5.588489999999673,6.79297203471579
5.590159999999673,6.791039537126592
5.591829999999673,6.789107039537393
5.593499999999673,6.787174541948195
5.595169999999673,6.785242044358995
5.5968399999996725,6.783309546769793
5.598509999999672,6.781377049180595
5.600179999999672,6.779444551591396
5.601849999999672,6.777512054002196
5.603519999999672,6.775579556412998
5.605189999999672,6.7736470588238
5.6068599999996716,6.771714561234601
5.608529999999671,6.769782063645403
5.610199999999671,6.767849566056201
5.611869999999671,6.765917068467003
5.613539999999671,6.763984570877804
5.615209999999671,6.76202242622983
5.616879999999671,6.759854163934749
5.61854999999967,6.757685901639665
5.62021999999967,6.755517639344584
5.62188999999967,6.753349377049503
5.62355999999967,6.751181114754422
5.62522999999967,6.749012852459341
5.62689999999967,6.74684459016426
5.6285699999996694,6.744676327869179
5.630239999999669,6.742698810672088
5.631909999999669,6.74076631308289
5.633579999999669,6.738833815493688
5.635249999999669,6.73690131790449
5.636919999999669,6.7349688203152915
5.6385899999996685,6.733036322726093
5.640259999999668,6.731103825136895
5.641929999999668,6.729171327547695
5.643599999999668,6.727238829958496
5.645269999999668,6.7253063323692945
5.646939999999668,6.723373834780096
5.6486099999996675,6.721441337190898
5.650279999999667,6.7195088396016995
5.651949999999667,6.717576342012501
5.653619999999667,6.715643844423299
5.655289999999667,6.713711346834099
5.656959999999667,6.711778849244901
5.6586299999996665,6.709647606557713
5.660299999999666,6.707479344262632
5.661969999999666,6.705311081967551
5.663639999999666,6.70314281967247
5.665309999999666,6.700974557377387
5.666979999999666,6.698806295082306
5.668649999999666,6.6966380327872255
5.670319999999665,6.6944697704921445
5.671989999999665,6.692425586628383
5.673659999999665,6.690493089039185
5.675329999999665,6.688560591449987
5.676999999999665,6.686628093860788
5.678669999999665,6.68469559627159
5.680339999999664,6.68276309868239
5.682009999999664,6.6808306010931915
5.683679999999664,6.678898103503993
5.685349999999664,6.676965605914795
5.687019999999664,6.6750331083255965
5.688689999999664,6.673100610736398
5.6903599999996635,6.671168113147196
5.692029999999663,6.669235615557998
5.693699999999663,6.667303117968798
5.695369999999663,6.6653706203795995
5.697039999999663,6.663438122790401
5.698709999999663,6.661505625201199
5.7003799999996625,6.659573127612001
5.702049999999662,6.657640630022803
5.703719999999662,6.655708132433604
5.705389999999662,6.653775634844406
5.707059999999662,6.651843137255206
5.708729999999662,6.649910639666004
5.7103999999996615,6.647978142076806
5.712069999999661,6.646045644487607
5.713739999999661,6.644094950820028
5.715409999999661,6.641926688524947
5.717079999999661,6.639758426229866
5.718749999999661,6.637590163934785
5.7204199999996606,6.635421901639704
5.72208999999966,6.633253639344623
5.72375999999966,6.631085377049542
5.72542999999966,6.628917114754458
5.72709999999966,6.626748852459377
5.72876999999966,6.624759884281893
5.73043999999966,6.622827386692693
5.732109999999659,6.620894889103495
5.733779999999659,6.618962391514293
5.735449999999659,6.617029893925094
5.737119999999659,6.615097396335894
5.738789999999659,6.613164898746696
5.740459999999659,6.611232401157498
5.7421299999996585,6.609299903568299
5.743799999999658,6.607367405979101
5.745469999999658,6.605434908389897
5.747139999999658,6.603502410800699
5.748809999999658,6.601569913211501
5.750479999999658,6.599637415622302
5.7521499999996575,6.597704918033104
5.753819999999657,6.595772420443906
5.755489999999657,6.593839922854707
5.757159999999657,6.5917201311479126
5.758829999999657,6.589551868852832
5.760499999999657,6.587383606557751
5.7621699999996565,6.58521534426267
5.763839999999656,6.583047081967589
5.765509999999656,6.580878819672504
5.767179999999656,6.578710557377423
5.768849999999656,6.5765422950823424
5.770519999999656,6.57448666023819
5.7721899999996555,6.572554162648991
5.773859999999655,6.570621665059793
5.775529999999655,6.568689167470595
5.777199999999655,6.566756669881396
5.778869999999655,6.5648241722921945
5.780539999999655,6.562891674702996
5.782209999999655,6.560959177113798
5.783879999999654,6.559026679524598
5.785549999999654,6.557094181935399
5.787219999999654,6.5551616843461975
5.788889999999654,6.553229186756999
5.790559999999654,6.551296689167801
5.792229999999654,6.5493641915786025
5.793899999999653,6.547431693989404
5.795569999999653,6.545499196400206
5.797239999999653,6.543566698811006
5.798909999999653,6.54151357377088
5.800579999999653,6.539345311475799
5.802249999999653,6.537177049180713
5.8039199999996525,6.535008786885632
5.805589999999652,6.532840524590551
5.807259999999652,6.53067226229547
5.808929999999652,6.528504000000389
5.810599999999652,6.526335737705308
5.812269999999652,6.524213436194488
5.8139399999996515,6.522280938605286
5.815609999999651,6.520348441016088
5.817279999999651,6.51841594342689
5.818949999999651,6.516483445837691
5.820619999999651,6.514550948248493
5.822289999999651,6.512618450659293
5.8239599999996505,6.510685953070091
5.82562999999965,6.508753455480893
5.82729999999965,6.506820957891694
5.82896999999965,6.504888460302496
5.83063999999965,6.502955962713298
5.83230999999965,6.501023465124099
5.83397999999965,6.499090967534901
5.835649999999649,6.497158469945701
5.837319999999649,6.4952259723565025
5.838989999999649,6.493293474767304
5.840659999999649,6.491360977178102
5.842329999999649,6.489428479588904
5.843999999999649,6.487495981999706
5.845669999999648,6.485563484410507
5.847339999999648,6.483630986821309
5.849009999999648,6.481698489232109
5.850679999999648,6.4797659916429104
5.852349999999648,6.477833494053712
5.854019999999648,6.475900996464514
5.8556899999996475,6.473792655738114
5.857359999999647,6.471624393443033
5.859029999999647,6.469456131147949
5.860699999999647,6.467287868852868
5.862369999999647,6.465119606557787
5.864039999999647,6.462951344262706
5.8657099999996465,6.460783081967625
5.867379999999646,6.45861481967254
5.869049999999646,6.456547733847994
5.870719999999646,6.454615236258796
5.872389999999646,6.452682738669596
5.874059999999646,6.450750241080398
5.8757299999996455,6.448817743491199
5.877399999999645,6.446885245901997
5.879069999999645,6.444952748312797
5.880739999999645,6.443020250723599
5.882409999999645,6.441087753134401
5.884079999999645,6.439155255545202
5.8857499999996445,6.437222757956004
5.887419999999644,6.435290260366804
5.889089999999644,6.4333577627776055
5.890759999999644,6.431425265188407
5.892429999999644,6.429492767599209
5.894099999999644,6.427560270010007
5.895769999999644,6.425627772420809
5.897439999999643,6.423586098361074
5.899109999999643,6.421417836065995
5.900779999999643,6.419249573770914
5.902449999999643,6.417081311475833
5.904119999999643,6.414913049180749
5.905789999999643,6.412744786885668
5.907459999999642,6.410576524590587
5.909129999999642,6.408408262295506
5.910799999999642,6.406274509804293
5.912469999999642,6.404342012215093
5.914139999999642,6.402409514625891
5.915809999999642,6.4004770170366925
5.9174799999996415,6.398544519447494
5.919149999999641,6.396612021858296
5.920819999999641,6.3946795242690975
5.922489999999641,6.392747026679899
5.924159999999641,6.390814529090701
5.925829999999641,6.388882031501501
5.9274999999996405,6.386949533912302
5.92916999999964,6.385017036323104
5.93083999999964,6.383084538733906
5.93250999999964,6.381152041144707
5.93417999999964,6.3792195435555055
5.93584999999964,6.377287045966307
5.9375199999996395,6.375354548377109
5.939189999999639,6.3733795409840415
5.940859999999639,6.3712112786889605
5.942529999999639,6.36904301639388
5.944199999999639,6.366874754098799
5.945869999999639,6.364706491803718
5.947539999999639,6.362538229508633
5.949209999999638,6.360369967213552
5.950879999999638,6.358201704918471
5.952549999999638,6.35603344262339
5.954219999999638,6.354068788171391
5.955889999999638,6.352136290582193
5.957559999999638,6.350203792992991
5.959229999999637,6.3482712954037925
5.960899999999637,6.346338797814594
5.962569999999637,6.344406300225396
5.964239999999637,6.342473802636196
5.965909999999637,6.340541305046997
5.967579999999637,6.338608807457799
5.9692499999996365,6.336676309868601
5.970919999999636,6.334743812279399
5.972589999999636,6.3328113146902005
5.974259999999636,6.330878817101002
5.975929999999636,6.328946319511804
5.977599999999636,6.327013821922604
5.9792699999996355,6.325081324333405
5.980939999999635,6.323148826744207
5.982609999999635,6.321216329155009
5.984279999999635,6.31928383156581
5.985949999999635,6.317351333976612
5.987619999999635,6.315418836387414
5.9892899999996345,6.313486338798212
5.990959999999634,6.311553841209012
5.992629999999634,6.309621343619813
5.994299999999634,6.307688846030615
5.995969999999634,6.305658622951276
5.997639999999634,6.303490360656195
5.9993099999996335,6.301322098361114
6.000979999999633,6.299153836066029
6.002649999999633,6.296985573770948
6.004319999999633,6.294817311475867
6.005989999999633,6.2926490491807865
6.007659999999633,6.2904807868857056
6.009329999999633,6.288335583414099
6.010999999999632,6.286403085824897
6.012669999999632,6.284470588235697
6.014339999999632,6.282538090646499
6.016009999999632,6.280605593057301
6.017679999999632,6.278673095468102
6.019349999999632,6.276740597878902
6.0210199999996314,6.274808100289704
6.022689999999631,6.2728756027005055
6.024359999999631,6.270943105111307
6.026029999999631,6.269010607522109
6.027699999999631,6.267078109932907
6.029369999999631,6.265145612343707
6.0310399999996305,6.2632131147545085
6.03270999999963,6.26128061716531
6.03437999999963,6.259348119576112
6.03604999999963,6.2574156219869135
6.03771999999963,6.255452065574238
6.03938999999963,6.253283803279157
6.0410599999996295,6.251115540984076
6.042729999999629,6.248947278688995
6.044399999999629,6.246779016393914
6.046069999999629,6.244610754098829
6.047739999999629,6.242442491803748
6.049409999999629,6.2402742295086675
6.0510799999996285,6.238105967213587
6.052749999999628,6.236129861781196
6.054419999999628,6.234197364191996
6.056089999999628,6.232264866602797
6.057759999999628,6.230332369013599
6.059429999999628,6.228399871424401
6.061099999999628,6.226467373835202
6.062769999999627,6.224534876246004
6.064439999999627,6.222602378656802
6.066109999999627,6.220669881067604
6.067779999999627,6.218737383478404
6.069449999999627,6.216804885889205
6.071119999999627,6.214872388300007
6.072789999999626,6.212939890710809
6.074459999999626,6.21100739312161
6.076129999999626,6.209074895532412
6.077799999999626,6.207142397943214
6.079469999999626,6.205209900354015
6.081139999999626,6.203277402764812
6.0828099999996255,6.201344905175613
6.084479999999625,6.199412407586415
6.086149999999625,6.197479909997217
6.087819999999625,6.1955474124080165
6.089489999999625,6.193614914818818
6.091159999999625,6.191682417229616
6.0928299999996245,6.189749919640418
6.094499999999624,6.187731147541472
6.096169999999624,6.185562885246391
6.097839999999624,6.18339462295131
6.099509999999624,6.181226360656229
6.101179999999624,6.179058098361148
6.1028499999996235,6.176889836066064
6.104519999999623,6.174721573770983
6.106189999999623,6.172553311475902
6.107859999999623,6.1703966570239
6.109529999999623,6.168464159434702
6.111199999999623,6.166531661845504
6.1128699999996226,6.164599164256305
6.114539999999622,6.162666666667107
6.116209999999622,6.160734169077909
6.117879999999622,6.158801671488707
6.119549999999622,6.1568691738995085
6.121219999999622,6.154936676310308
6.122889999999622,6.15300417872111
6.124559999999621,6.151071681131912
6.126229999999621,6.14913918354271
6.127899999999621,6.1472066859535115
6.129569999999621,6.145274188364313
6.131239999999621,6.143341690775115
6.132909999999621,6.141409193185915
6.1345799999996204,6.139476695596716
6.13624999999962,6.137524590164439
6.13791999999962,6.135356327869358
6.13958999999962,6.133188065574274
6.14125999999962,6.131019803279193
6.14292999999962,6.128851540984112
6.1445999999996195,6.126683278689031
6.146269999999619,6.12451501639395
6.147939999999619,6.122346754098869
6.149609999999619,6.120178491803788
6.151279999999619,6.118190935391002
6.152949999999619,6.116258437801804
6.1546199999996185,6.114325940212604
6.156289999999618,6.1123934426234054
6.157959999999618,6.110460945034204
6.159629999999618,6.108528447445005
6.161299999999618,6.106595949855805
6.162969999999618,6.104663452266607
6.1646399999996175,6.1027309546774084
6.166309999999617,6.10079845708821
6.167979999999617,6.098865959499012
6.169649999999617,6.0969334619098134
6.171319999999617,6.095000964320612
6.172989999999617,6.0930684667314114
6.174659999999617,6.091135969142213
6.176329999999616,6.089203471553015
6.177999999999616,6.0872709739638164
6.179669999999616,6.08514977049232
6.181339999999616,6.082981508197239
6.183009999999616,6.080813245902158
6.184679999999616,6.078644983607077
6.186349999999615,6.076476721311996
6.188019999999615,6.074308459016915
6.189689999999615,6.0721401967218345
6.191359999999615,6.0699719344267535
6.193029999999615,6.067917711347301
6.194699999999615,6.065985213758102
6.1963699999996145,6.0640527161689
6.198039999999614,6.0621202185797
6.199709999999614,6.060187720990502
6.201379999999614,6.058255223401304
6.203049999999614,6.056322725812105
6.204719999999614,6.054390228222907
6.2063899999996135,6.052457730633705
6.208059999999613,6.050525233044507
6.209729999999613,6.048592735455308
6.211399999999613,6.046660237866108
6.213069999999613,6.04472774027691
6.214739999999613,6.042795242687708
6.2164099999996125,6.04086274509851
6.218079999999612,6.038930247509311
6.219749999999612,6.036997749920113
6.221419999999612,6.035065252330915
6.223089999999612,6.033132754741715
6.224759999999612,6.031200257152516
6.2264299999996116,6.029267759563318
6.228099999999611,6.02733526197412
6.229769999999611,6.0254027643849195
6.231439999999611,6.023470266795721
6.233109999999611,6.021537769206519
6.234779999999611,6.019597114754635
6.236449999999611,6.017428852459554
6.23811999999961,6.015260590164473
6.23978999999961,6.013092327869392
6.24145999999961,6.0109240655743115
6.24312999999961,6.0087558032792305
6.24479999999961,6.00658754098415
6.24646999999961,6.004419278689069
6.2481399999996095,6.002251016393988
6.249809999999609,6.000252009000803
6.251479999999609,5.998319511411605
6.253149999999609,5.996387013822407
6.254819999999609,5.994454516233208
6.256489999999609,5.99252201864401
6.2581599999996085,5.990589521054812
6.259829999999608,5.98865702346561
6.261499999999608,5.9867245258764115
6.263169999999608,5.984792028287211
6.264839999999608,5.982859530698013
6.266509999999608,5.980927033108815
6.2681799999996075,5.978994535519616
6.269849999999607,5.977062037930418
6.271519999999607,5.975129540341216
6.273189999999607,5.973197042752018
6.274859999999607,5.9712645451628195
6.276529999999607,5.969332047573619
6.2781999999996065,5.9672222950825216
6.279869999999606,5.965054032787441
6.281539999999606,5.96288577049236
6.283209999999606,5.960717508197279
6.284879999999606,5.958549245902198
6.286549999999606,5.956380983607113
6.288219999999606,5.954212721312032
6.289889999999605,5.9520444590169514
6.291559999999605,5.9499787849571035
6.293229999999605,5.948046287367905
6.294899999999605,5.946113789778703
6.296569999999605,5.944181292189503
6.298239999999605,5.942248794600305
6.299909999999604,5.9403162970111065
6.301579999999604,5.938383799421908
6.303249999999604,5.936451301832708
6.304919999999604,5.93451880424351
6.306589999999604,5.932586306654311
6.308259999999604,5.9306538090651095
6.3099299999996035,5.928721311475911
6.311599999999603,5.926788813886713
6.313269999999603,5.9248563162975145
6.314939999999603,5.922923818708314
6.316609999999603,5.920943833017622
6.318279999999603,5.9188523719170565
6.3199499999996025,5.916760910816487
6.321619999999602,5.914669449715918
6.323289999999602,5.912577988615352
6.324959999999602,5.910486527514783
6.326629999999602,5.908395066414213
6.328299999999602,5.906303605313642
6.3299699999996015,5.904212144213076
6.331639999999601,5.902120683112507
6.333309999999601,5.900029222011938
6.334979999999601,5.892751967215036
6.336649999999601,5.8854012295101175
6.338319999999601,5.878050491805199
6.339989999999601,5.870699754100281
6.3416599999996,5.8633490163953645
6.3433299999996,5.85599827869045
6.3449999999996,5.848647540985532
6.3466699999996,5.841296803280615
6.3483399999996,5.833946065575697
6.3500099999996,5.826595327870779
6.351679999999599,5.8192445901658605
6.353349999999599,5.811893852460944
6.355019999999599,5.804543114756026
6.356689999999599,5.797192377051108
6.358359999999599,5.789841639346195
6.360029999999599,5.782490901641276
6.3616999999995985,5.775140163936358
6.363369999999598,5.76778942623144
6.365039999999598,5.7604386885265235
6.366709999999598,5.753087950821605
6.368379999999598,5.745737213116687
6.370049999999598,5.738386475411769
6.3717199999995975,5.731035737706851
6.373389999999597,5.723685000001938
6.375059999999597,5.7163342622970195
6.376729999999597,5.708983524592101
6.378399999999597,5.701632786887183
6.380069999999597,5.694282049182265
6.3817399999995965,5.686931311477348
6.383409999999596,5.67958057377243
6.385079999999596,5.672229836067512
6.386749999999596,5.664879098362594
6.388419999999596,5.657528360657681
6.390089999999596,5.6501776229527625
6.3917599999995955,5.642826885247844
6.393429999999595,5.635476147542926
6.395099999999595,5.62812540983801
6.396769999999595,5.620774672133091
6.398439999999595,5.613423934428173
6.400109999999595,5.606073196723255
6.401779999999595,5.598722459018342
6.403449999999594,5.591371721313424
6.405119999999594,5.5840209836085055
6.406789999999594,5.576670245903589
6.408459999999594,5.569319508198671
6.410129999999594,5.561968770493753
6.411799999999594,5.554618032788834
6.413469999999593,5.547267295083918
6.415139999999593,5.539916557379003
6.416809999999593,5.532565819674085
6.418479999999593,5.525215081969167
6.420149999999593,5.51786434426425
6.421819999999593,5.510513606559332
6.4234899999995925,5.503162868854414
6.425159999999592,5.495812131149497
6.426829999999592,5.488461393444583
6.428499999999592,5.4811106557396645
6.430169999999592,5.473759918034746
6.431839999999592,5.46640918032983
6.4335099999995915,5.459058442624912
6.435179999999591,5.451707704919993
6.436849999999591,5.444356967215075
6.438519999999591,5.43700622951016
6.440189999999591,5.429655491805242
6.441859999999591,5.422304754100324
6.4435299999995905,5.414954016395409
6.44519999999959,5.407603278690491
6.44686999999959,5.400252540985573
6.44853999999959,5.392901803280655
6.45020999999959,5.385551065575736
6.45187999999959,5.378200327870822
6.45354999999959,5.3708495901659035
6.455219999999589,5.363498852460985
6.456889999999589,5.356148114756067
6.458559999999589,5.348797377051149
6.460229999999589,5.3414466393462305
6.461899999999589,5.334095901641316
6.463569999999589,5.326745163936401
6.465239999999588,5.319394426231483
6.466909999999588,5.312043688526565
6.468579999999588,5.3046929508216465
6.470249999999588,5.297342213116728
6.471919999999588,5.28999147541181
6.473589999999588,5.282640737706892
6.4752599999995875,5.275290000001977
6.476929999999587,5.267939262297062
6.478599999999587,5.260588524592144
6.480269999999587,5.253237786887226
6.481939999999587,5.245887049182308
6.483609999999587,5.238536311477393
6.4852799999995865,5.231185573772475
6.486949999999586,5.223834836067557
6.488619999999586,5.216484098362638
6.490289999999586,5.20913336065772
6.491959999999586,5.2017826229528055
6.493629999999586,5.194431885247887
6.4952999999995855,5.187081147542969
6.496969999999585,5.179730409838051
6.498639999999585,5.172379672133136
6.500309999999585,5.165028934428218
6.501979999999585,5.1576781967233
6.503649999999585,5.150327459018381
6.5053199999995845,5.142976721313463
6.506989999999584,5.1356259836085485
6.508659999999584,5.12827524590363
6.510329999999584,5.120924508198712
6.511999999999584,5.113573770493794
6.513669999999584,5.106223032788876
6.515339999999584,5.098872295083957
6.517009999999583,5.091521557379039
6.518679999999583,5.084170819674124
6.520349999999583,5.076820081969206
6.522019999999583,5.0694693442642915
6.523689999999583,5.062118606559373
6.525359999999583,5.054767868854455
6.527029999999582,5.047417131149537
6.528699999999582,5.040066393444622
6.530369999999582,5.032715655739704
6.532039999999582,5.025364918034786
6.533709999999582,5.0180141803298675
6.535379999999582,5.010663442624953
6.5370499999995815,5.003312704920038
6.538719999999581,4.99596196721512
6.540389999999581,4.988611229510202
6.542059999999581,4.981260491805283
6.543729999999581,4.973909754100365
6.545399999999581,4.966559016395447
6.5470699999995805,4.959208278690529
6.54873999999958,4.951857540985614
6.55040999999958,4.944506803280696
6.55207999999958,4.937156065575778
6.55374999999958,4.929805327870859
6.55541999999958,4.922454590165945
6.5570899999995795,4.915103852461026
6.558759999999579,4.907753114756108
6.560429999999579,4.9004023770511935
6.562099999999579,4.893051639346275
6.563769999999579,4.885700901641361
6.565439999999579,4.878350163936442
6.567109999999579,4.870999426231524
6.568779999999578,4.863648688526606
6.570449999999578,4.856297950821688
6.572119999999578,4.848947213116773
6.573789999999578,4.841596475411858
6.575459999999578,4.83424573770694
6.577129999999578,4.826895000002022
6.578799999999577,4.819544262297104
6.580469999999577,4.812193524592185
6.582139999999577,4.804842786887267
6.583809999999577,4.7974920491823525
6.585479999999577,4.790141311477434
6.587149999999577,4.782790573772516
6.5888199999995765,4.775439836067598
6.590489999999576,4.76808909836268
6.592159999999576,4.760738360657765
6.593829999999576,4.753387622952847
6.595499999999576,4.746036885247928
6.597169999999576,4.738686147543014
6.5988399999995755,4.7313354098380955
6.600509999999575,4.723984672133177
6.602179999999575,4.716633934428259
6.603849999999575,4.709283196723341
6.605519999999575,4.701932459018423
6.607189999999575,4.694581721313504
6.6088599999995745,4.687230983608593
6.610529999999574,4.679880245903675
6.612199999999574,4.672529508198757
6.613869999999574,4.665178770493839
6.615539999999574,4.65782803278892
6.617209999999574,4.650477295084006
6.6188799999995735,4.643126557379087
6.620549999999573,4.635775819674173
6.622219999999573,4.6284250819692545
6.623889999999573,4.621074344264336
6.625559999999573,4.613723606559418
6.627229999999573,4.6063728688545
6.628899999999573,4.599022131149582
6.630569999999572,4.591671393444667
6.632239999999572,4.584320655739749
6.633909999999572,4.576969918034834
6.635579999999572,4.569619180329916
6.637249999999572,4.5622684426249975
6.638919999999572,4.554917704920079
6.6405899999995714,4.547566967215161
6.642259999999571,4.540216229510243
6.643929999999571,4.532865491805328
6.645599999999571,4.5255147541004135
6.647269999999571,4.518164016395495
6.648939999999571,4.510813278690577
6.6506099999995705,4.503462540985659
6.65227999999957,4.496111803280744
6.65394999999957,4.488761065575826
6.65561999999957,4.481410327870908
6.65728999999957,4.474059590165993
6.65895999999957,4.466708852461075
6.6606299999995695,4.4593581147561565
6.662299999999569,4.452007377051238
6.663969999999569,4.44465663934632
6.665639999999569,4.437305901641402
6.667309999999569,4.429955163936487
6.668979999999569,4.422604426231569
6.6706499999995685,4.415253688526654
6.672319999999568,4.407902950821736
6.673989999999568,4.400552213116818
6.675659999999568,4.3932014754118995
6.677329999999568,4.385850737706981
6.678999999999568,4.378500000002063
6.680669999999568,4.371149262297145
6.682339999999567,4.363798524592227
6.684009999999567,4.356447786887308
6.685679999999567,4.349097049182394
6.687349999999567,4.341746311477479
6.689019999999567,4.334395573772561
6.690689999999567,4.327044836067643
6.692359999999566,4.319694098362724
6.694029999999566,4.312343360657806
6.695699999999566,4.304992622952888
6.697369999999566,4.297641885247973
6.699039999999566,4.2902911475430585
6.700709999999566,4.28294040983814
6.7023799999995655,4.275589672133222
6.704049999999565,4.268238934428304
6.705719999999565,4.260888196723389
6.707389999999565,4.253537459018471
6.709059999999565,4.246186721313553
6.710729999999565,4.2388359836086345
6.7123999999995645,4.231485245903716
6.714069999999564,4.2241345081988015
6.715739999999564,4.216783770493883
6.717409999999564,4.209433032788965
6.719079999999564,4.202082295084047
6.720749999999564,4.194731557379129
6.7224199999995635,4.18738081967421
6.724089999999563,4.180030081969296
6.725759999999563,4.1726793442643775
6.727429999999563,4.165328606559459
6.729099999999563,4.157977868854545
6.730769999999563,4.150627131149626
6.7324399999995626,4.143276393444712
6.734109999999562,4.135925655739793
6.735779999999562,4.128574918034875
6.737449999999562,4.121224180329957
6.739119999999562,4.113873442625039
6.740789999999562,4.1065227049201205
6.742459999999562,4.099171967215209
6.744129999999561,4.091821229510291
6.745799999999561,4.084470491805373
6.747469999999561,4.077119754100455
6.749139999999561,4.0697690163955365
6.750809999999561,4.062418278690618
6.752479999999561,4.0550675409857
6.7541499999995604,4.047716803280785
6.75581999999956,4.040366065575867
6.75748999999956,4.033015327870949
6.75915999999956,4.025664590166031
6.76082999999956,4.018313852461116
6.76249999999956,4.010963114756198
6.7641699999995595,4.0036123770512795
6.765839999999559,3.9962616393463612
6.767509999999559,3.9889109016414466
6.769179999999559,3.9815601639365283
6.770849999999559,3.97420942623161
6.772519999999559,3.966858688526692
6.7741899999995585,3.9595079508217736
6.775859999999558,3.9521572131168554
6.777529999999558,3.9448064754119407
6.779199999999558,3.937455737707026
6.780869999999558,3.930105000002108
6.782539999999558,3.9227542622971896
6.7842099999995575,3.9154035245922714
6.785879999999557,3.9080527868873567
6.787549999999557,3.9007020491824385
6.789219999999557,3.8933513114775202
6.790889999999557,3.8860005737726055
6.792559999999557,3.8786498360676873
6.794229999999557,3.871299098362769
6.795899999999556,3.863948360657851
6.797569999999556,3.8565976229529326
6.799239999999556,3.849246885248018
6.800909999999556,3.8418961475430997
6.802579999999556,3.8345454098381815
6.804249999999556,3.827194672133267
6.805919999999555,3.8198439344283486
6.807589999999555,3.8124931967234303
6.809259999999555,3.805142459018512
6.810929999999555,3.797791721313594
6.812599999999555,3.790440983608679
6.814269999999555,3.783090245903761
6.8159399999995545,3.7757395081988427
6.817609999999554,3.7683887704939245
6.819279999999554,3.76103803278901
6.820949999999554,3.7536872950840916
6.822619999999554,3.746336557379177
6.824289999999554,3.7389858196742587
6.8259599999995535,3.7316350819693405
6.827629999999553,3.7242843442644222
6.829299999999553,3.716933606559504
6.830969999999553,3.7095828688545858
6.832639999999553,3.702232131149671
6.834309999999553,3.694881393444753
6.8359799999995525,3.687530655739838
6.837649999999552,3.68017991803492
6.839319999999552,3.6728291803300017
6.840989999999552,3.6654784426250835
6.842659999999552,3.6581277049201653
6.844329999999552,3.650776967215247
6.8459999999995516,3.643426229510329
6.847669999999551,3.636075491805414
6.849339999999551,3.628724754100496
6.851009999999551,3.6213740163955777
6.852679999999551,3.6140232786906594
6.854349999999551,3.6066725409857447
6.856019999999551,3.5993218032808265
6.85768999999955,3.5919710655759083
6.85935999999955,3.58462032787099
6.86102999999955,3.577269590166072
6.86269999999955,3.569918852461157
6.86436999999955,3.562568114756239
6.86603999999955,3.5552173770513242
6.8677099999995495,3.547866639346406
6.869379999999549,3.5405159016414878
6.871049999999549,3.5331651639365695
6.872719999999549,3.5258144262316513
6.874389999999549,3.5184636885267366
6.876059999999549,3.511112950821822
6.8777299999995485,3.5037622131169037
6.879399999999548,3.4964114754119855
6.881069999999548,3.4890607377070673
6.882739999999548,3.481710000002149
6.884409999999548,3.474359262297231
6.886079999999548,3.4670085245923126
6.8877499999995475,3.459657786887398
6.889419999999547,3.4523070491824797
6.891089999999547,3.4449563114775614
6.892759999999547,3.4376055737726467
6.894429999999547,3.4302548360677285
6.896099999999547,3.4229040983628103
6.8977699999995465,3.415553360657892
6.899439999999546,3.408202622952974
6.901109999999546,3.4008518852480627
6.902779999999546,3.3935011475431445
6.904449999999546,3.3861504098382262
6.906119999999546,3.378799672133308
6.907789999999546,3.3714489344283898
6.909459999999545,3.3640981967234715
6.911129999999545,3.356747459018557
6.912799999999545,3.349396721313642
6.914469999999545,3.342045983608724
6.916139999999545,3.3346952459038057
6.917809999999545,3.3273445081988875
6.919479999999544,3.3199937704939693
6.921149999999544,3.312643032789051
6.922819999999544,3.305292295084133
6.924489999999544,3.297941557379218
6.926159999999544,3.2905908196743
6.927829999999544,3.2832400819693817
6.9294999999995435,3.275889344264467
6.931169999999543,3.2685386065595488
6.932839999999543,3.2611878688546305
6.934509999999543,3.2538371311497123
6.936179999999543,3.2464863934447976
6.937849999999543,3.2391356557398794
6.9395199999995425,3.231784918034961
6.941189999999542,3.224434180330043
6.942859999999542,3.2170834426251247
6.944529999999542,3.2097327049202065
6.946199999999542,3.202381967215292
6.947869999999542,3.1950312295103735
6.9495399999995415,3.187680491805459
6.951209999999541,3.1803297541005406
6.952879999999541,3.1729790163956224
6.954549999999541,3.1656282786907077
6.956219999999541,3.1582775409857895
6.957889999999541,3.1509268032808713
6.959559999999541,3.143576065575953
6.96122999999954,3.1362253278710384
6.96289999999954,3.12887459016612
6.96456999999954,3.121523852461202
6.96623999999954,3.1141731147562837
6.96790999999954,3.106822377051369
6.96957999999954,3.0994716393464508
6.971249999999539,3.0921209016415325
6.972919999999539,3.084770163936618
6.974589999999539,3.0774194262316996
6.976259999999539,3.0700686885267814
6.977929999999539,3.062717950821863
6.979599999999539,3.055367213116945
6.9812699999995385,3.0480164754120267
6.982939999999538,3.0406657377071085
6.984609999999538,3.033315000002194
6.986279999999538,3.025964262297279
6.987949999999538,3.018613524592361
6.989619999999538,3.0112627868874426
6.9912899999995375,3.0039120491825244
6.992959999999537,2.996561311477606
6.994629999999537,2.989210573772688
6.996299999999537,2.9818598360677697
6.997969999999537,2.974509098362855
6.999639999999537,2.9671583606579404
7.0013099999995365,2.959807622953022
7.002979999999536,2.952456885248104
7.004649999999536,2.9451061475431857
7.006319999999536,2.9377554098382674
7.007989999999536,2.9304046721333528
7.009659999999536,2.9230539344284345
7.0113299999995355,2.91570319672352
7.012999999999535,2.9083524590186016
7.014669999999535,2.9010017213136834
7.016339999999535,2.893650983608765
7.018009999999535,2.886300245903847
7.019679999999535,2.8789495081989287
7.021349999999535,2.8715987704940105
7.023019999999534,2.864248032789096
7.024689999999534,2.8568972950841776
7.026359999999534,2.849546557379263
7.028029999999534,2.8421958196743446
7.029699999999534,2.8348450819694264
7.031369999999534,2.827494344264508
7.033039999999533,2.82014360655959
7.034709999999533,2.8127928688546753
7.036379999999533,2.805442131149757
7.038049999999533,2.798091393444839
7.039719999999533,2.7907406557399206
7.041389999999533,2.783389918035006
7.0430599999995325,2.7760391803300877
7.044729999999532,2.768688442625173
7.046399999999532,2.7613377049202548
7.048069999999532,2.7539869672153365
7.049739999999532,2.7466362295104183
7.051409999999532,2.7392854918055
7.0530799999995315,2.731934754100582
7.054749999999531,2.7245840163956636
7.056419999999531,2.717233278690749
7.058089999999531,2.7098825409858307
7.059759999999531,2.7025318032809125
7.061429999999531,2.695181065575998
7.0630999999995305,2.6878303278710796
7.06476999999953,2.6804795901661613
7.06643999999953,2.673128852461243
7.06810999999953,2.665778114756325
7.06977999999953,2.65842737705141
7.07144999999953,2.651076639346492
7.07311999999953,2.6437259016415737
7.074789999999529,2.6363751639366555
7.076459999999529,2.6290244262317373
7.078129999999529,2.621673688526819
7.079799999999529,2.6143229508219044
7.081469999999529,2.606972213116986
7.083139999999529,2.5996214754120714
7.084809999999528,2.592270737707153
7.086479999999528,2.584920000002235
7.088149999999528,2.5775692622973203
7.089819999999528,2.570218524592402
7.091489999999528,2.562867786887484
7.093159999999528,2.5555170491825656
7.0948299999995275,2.548166311477651
7.096499999999527,2.5408155737727327
7.098169999999527,2.533464836067818
7.099839999999527,2.5261140983629
7.101509999999527,2.5187633606579816
7.103179999999527,2.5114126229530633
7.1048499999995265,2.504061885248145
7.106519999999526,2.4967111475432304
7.108189999999526,2.489360409838312
7.109859999999526,2.482009672133394
7.111529999999526,2.4746589344284757
7.113199999999526,2.4673081967235575
7.1148699999995255,2.459957459018643
7.116539999999525,2.4526067213137246
7.118209999999525,2.44525598360881
7.119879999999525,2.4379052459038917
7.121549999999525,2.4305545081989735
7.123219999999525,2.423203770494055
7.1248899999995245,2.4158530327891405
7.126559999999524,2.4085022950842223
7.128229999999524,2.401151557379304
7.129899999999524,2.393800819674386
7.131569999999524,2.386450081969471
7.133239999999524,2.379099344264553
7.134909999999524,2.3717486065596347
7.136579999999523,2.36439786885472
7.138249999999523,2.357047131149802
7.139919999999523,2.3496963934448836
7.141589999999523,2.3423456557399653
7.143259999999523,2.334994918035047
7.144929999999523,2.3276441803301324
7.1465999999995224,2.320293442625214
7.148269999999522,2.312942704920296
7.149939999999522,2.3055919672153777
7.151609999999522,2.2982412295104595
7.153279999999522,2.2908904918055413
7.154949999999522,2.2835397541006266
7.1566199999995215,2.2761890163957084
7.158289999999521,2.26883827869079
7.159959999999521,2.2614875409858755
7.161629999999521,2.2541368032809572
7.163299999999521,2.246786065576039
7.164969999999521,2.2394353278711208
7.1666399999995205,2.2320845901662025
7.16830999999952,2.224733852461288
7.16997999999952,2.2173831147563696
7.17164999999952,2.2100323770514514
7.17331999999952,2.202681639346533
7.17498999999952,2.1953309016416185
7.1766599999995195,2.1879801639367003
7.178329999999519,2.1806294262317856
7.179999999999519,2.1732786885268673
7.181669999999519,2.165927950821949
7.183339999999519,2.158577213117031
7.185009999999519,2.1512264754121126
7.186679999999519,2.1438757377071944
7.188349999999518,2.136525000002276
7.190019999999518,2.1291742622973615
7.191689999999518,2.121823524592447
7.193359999999518,2.1144727868875286
7.195029999999518,2.1071220491826104
7.196699999999518,2.099771311477692
7.198369999999517,2.092420573772774
7.200039999999517,2.0850698360678557
7.201709999999517,2.0777190983629374
7.203379999999517,2.0703683606580228
7.205049999999517,2.063017622953108
7.206719999999517,2.05566688524819
7.2083899999995165,2.0483161475432716
7.210059999999516,2.0409654098383534
7.211729999999516,2.033614672133435
7.213399999999516,2.0262639344285205
7.215069999999516,2.0189131967236023
7.216739999999516,2.0115624590186876
7.2184099999995155,2.0042117213137693
7.220079999999515,1.9968609836088511
7.221749999999515,1.9895102459039329
7.223419999999515,1.9821595081990147
7.225089999999515,1.9748087704940964
7.226759999999515,1.9674580327891782
7.2284299999995145,1.9601072950842635
7.230099999999514,1.9527565573793488
7.231769999999514,1.9454058196744306
7.233439999999514,1.9380550819695124
7.235109999999514,1.9307043442645941
7.236779999999514,1.923353606559676
7.2384499999995136,1.9160028688547577
7.240119999999513,1.908652131149843
7.241789999999513,1.9013013934449248
7.243459999999513,1.8939506557400065
7.245129999999513,1.8865999180350883
7.246799999999513,1.87924918033017
7.248469999999513,1.8718984426252554
7.250139999999512,1.8645477049203372
7.251809999999512,1.8571969672154225
7.253479999999512,1.8498462295105043
7.255149999999512,1.842495491805586
7.256819999999512,1.8351447541006678
7.258489999999512,1.8277940163957531
7.2601599999995114,1.8204432786908349
7.261829999999511,1.8130925409859167
7.263499999999511,1.8057418032809984
7.265169999999511,1.7983910655760837
7.266839999999511,1.791040327871169
7.268509999999511,1.7836895901662508
7.2701799999995105,1.7763388524613326
7.27184999999951,1.7689881147564144
7.27351999999951,1.7616373770514961
7.27518999999951,1.754286639346578
7.27685999999951,1.7469359016416632
7.27852999999951,1.739585163936745
7.2801999999995095,1.7322344262318268
7.281869999999509,1.7248836885269085
7.283539999999509,1.7175329508219903
7.285209999999509,1.7101822131170756
7.286879999999509,1.7028314754121574
7.288549999999509,1.6954807377072427
7.2902199999995085,1.6881300000023245
7.291889999999508,1.6807792622974063
7.293559999999508,1.6734285245924916
7.295229999999508,1.6660777868875734
7.296899999999508,1.6587270491826551
7.298569999999508,1.651376311477737
7.300239999999508,1.6440255737728222
7.301909999999507,1.636674836067904
7.303579999999507,1.6293240983629858
7.305249999999507,1.621973360658071
7.306919999999507,1.6146226229531528
7.308589999999507,1.6072718852482346
7.310259999999507,1.5999211475433164
7.311929999999506,1.5925704098383981
7.313599999999506,1.5852196721334835
7.315269999999506,1.5778689344285652
7.316939999999506,1.5705970967764777
7.318609999999506,1.5634053225829305
7.320279999999506,1.5562135483893833
7.3219499999995055,1.549021774195836
7.323619999999505,1.5418300000022853
7.325289999999505,1.5346382258087417
7.326959999999505,1.5274464516151944
7.328629999999505,1.5202546774216437
7.330299999999505,1.5130629032280964
7.3319699999995045,1.5058711290345492
7.333639999999504,1.499693333333866
7.335309999999504,1.4980233333338653
7.336979999999504,1.4963533333338646
7.338649999999504,1.4946833333338674
7.340319999999504,1.4930133333338667
7.3419899999995035,1.4913433333338695
7.343659999999503,1.4896733333338688
7.345329999999503,1.4880033333338645
7.346999999999503,1.4863333333338673
7.348669999999503,1.4846633333338666
7.350339999999503,1.4829933333338658
7.3520099999995026,1.4813233333338687
7.353679999999502,1.479653333333868
7.355349999999502,1.4779833333338708
7.357019999999502,1.47631333333387
7.358689999999502,1.4746433333338693
7.360359999999502,1.4729733333338686
7.362029999999502,1.4713033333338679
7.363699999999501,1.4696333333338671
7.365369999999501,1.46796333333387
7.367039999999501,1.4662933333338692
7.368709999999501,1.464623333333872
7.370379999999501,1.4629533333338713
7.372049999999501,1.4612833333338706
7.3737199999995005,1.4596133333338734
7.3753899999995,1.4579433333338692
7.3770599999995,1.4562733333338684
7.3787299999995,1.4546033333338713
7.3803999999995,1.4529333333338705
7.3820699999995,1.4512633333338698
7.3837399999994995,1.4495933333338726
7.385409999999499,1.447923333333872
7.387079999999499,1.4462533333338747
7.388749999999499,1.444583333333874
7.390419999999499,1.4429133333338697
7.392089999999499,1.4412433333338726
7.3937599999994985,1.4395733333338718
7.395429999999498,1.437903333333871
7.397099999999498,1.436233333333874
7.398769999999498,1.4345633333338732
7.400439999999498,1.432893333333876
7.402109999999498,1.4312233333338753
7.4037799999994975,1.429553333333871
7.405449999999497,1.4278833333338738
7.407119999999497,1.4262133333338731
7.408789999999497,1.4245433333338724
7.410459999999497,1.4228733333338752
7.412129999999497,1.4212033333338745
7.413799999999497,1.4195333333338738
7.415469999999496,1.4178633333338766
7.417139999999496,1.4161933333338723
7.418809999999496,1.4145233333338751
7.420479999999496,1.4128533333338744
7.422149999999496,1.4111833333338737
7.423819999999496,1.4095133333338765
7.425489999999495,1.4078433333338758
7.427159999999495,1.406173333333875
7.428829999999495,1.4045033333338743
7.430499999999495,1.4028333333338736
7.432169999999495,1.4011633333338764
7.433839999999495,1.3994933333338757
7.4355099999994945,1.397823333333875
7.437179999999494,1.3961533333338778
7.438849999999494,1.394483333333877
7.440519999999494,1.3928133333338728
7.442189999999494,1.3911433333338756
7.443859999999494,1.389473333333875
7.4455299999994935,1.3878033333338777
7.447199999999493,1.386133333333877
7.448869999999493,1.3844633333338763
7.450539999999493,1.382793333333879
7.452209999999493,1.3811233333338748
7.453879999999493,1.379453333333874
7.4555499999994925,1.377783333333877
7.457219999999492,1.3761133333338762
7.458889999999492,1.3744433333338755
7.460559999999492,1.3727733333338783
7.462229999999492,1.3711033333338776
7.463899999999492,1.3694333333338804
7.465569999999492,1.3677633333338761
7.467239999999491,1.3660933333338754
7.468909999999491,1.3644233333338782
7.470579999999491,1.3627533333338775
7.472249999999491,1.3610833333338768
7.473919999999491,1.3594133333338796
7.475589999999491,1.3577433333338789
7.47725999999949,1.3560733333338817
7.47892999999949,1.3544033333338774
7.48059999999949,1.3527333333338767
7.48226999999949,1.3510633333338795
7.48393999999949,1.3493933333338788
7.48560999999949,1.347723333333878
7.4872799999994895,1.3460533333338809
7.488949999999489,1.3443833333338802
7.490619999999489,1.342713333333883
7.492289999999489,1.3410433333338823
7.493959999999489,1.339373333333878
7.495629999999489,1.3377033333338808
7.4972999999994885,1.33603333333388
7.498969999999488,1.3343633333338794
7.500639999999488,1.3326933333338822
7.502309999999488,1.3310233333338815
7.503979999999488,1.3293533333338807
7.505649999999488,1.3276833333338836
7.5073199999994875,1.3260133333338828
7.508989999999487,1.324343333333882
7.510659999999487,1.3226733333338814
7.512329999999487,1.3210033333338806
7.513999999999487,1.3193333333338835
7.515669999999487,1.3176633333338827
7.5173399999994865,1.315993333333882
7.519009999999486,1.3143233333338848
7.520679999999486,1.3126533333338841
7.522349999999486,1.310983333333887
7.524019999999486,1.3093133333338827
7.525689999999486,1.307643333333882
7.527359999999486,1.3059733333338848
7.529029999999485,1.304303333333884
7.530699999999485,1.3026333333338833
7.532369999999485,1.3009633333338861
7.534039999999485,1.2992933333338854
7.535709999999485,1.2976233333338882
7.537379999999485,1.295953333333884
7.539049999999484,1.2942833333338832
7.540719999999484,1.292613333333886
7.542389999999484,1.2909433333338853
7.544059999999484,1.2892733333338846
7.545729999999484,1.2876033333338874
7.547399999999484,1.2859333333338867
7.5490699999994835,1.2842633333338895
7.550739999999483,1.2825933333338853
7.552409999999483,1.2809233333338845
7.554079999999483,1.2792533333338874
7.555749999999483,1.2775833333338866
7.557419999999483,1.275913333333886
7.5590899999994825,1.2742433333338887
7.560759999999482,1.272573333333888
7.562429999999482,1.2709033333338873
7.564099999999482,1.2692333333338865
7.565769999999482,1.2675633333338858
7.567439999999482,1.2658933333338886
7.5691099999994815,1.264223333333888
7.570779999999481,1.2625533333338872
7.572449999999481,1.26088333333389
7.574119999999481,1.2592133333338857
7.575789999999481,1.2575433333338886
7.577459999999481,1.2558733333338878
7.579129999999481,1.2542033333338871
7.58079999999948,1.25253333333389
7.58246999999948,1.2508633333338892
7.58413999999948,1.2491933333338885
7.58580999999948,1.2475233333338878
7.58747999999948,1.245853333333887
7.58914999999948,1.2441833333338899
7.590819999999479,1.2425133333338891
7.592489999999479,1.2408433333338884
7.594159999999479,1.2391733333338912
7.595829999999479,1.2375033333338905
7.597499999999479,1.2358333333338898
7.599169999999479,1.234163333333889
7.6008399999994785,1.2324933333338883
7.602509999999478,1.2308233333338912
7.604179999999478,1.2291533333338904
7.605849999999478,1.2274833333338897
7.607519999999478,1.2258133333338925
7.609189999999478,1.2241433333338918
7.6108599999994775,1.2224733333338875
7.612529999999477,1.2208033333338904
7.614199999999477,1.2191333333338896
7.615869999999477,1.2174633333338925
7.617539999999477,1.2157933333338917
7.619209999999477,1.214123333333891
7.6208799999994765,1.2124533333338938
7.622549999999476,1.2107833333338895
7.624219999999476,1.2091133333338888
7.625889999999476,1.2074433333338916
7.627559999999476,1.205773333333891
7.629229999999476,1.2041033333338937
7.6308999999994755,1.202433333333893
7.632569999999475,1.2007633333338923
7.634239999999475,1.1990933333338916
7.635909999999475,1.1974233333338908
7.637579999999475,1.1957533333338937
7.639249999999475,1.194083333333893
7.640919999999475,1.1924133333338958
7.642589999999474,1.190743333333895
7.644259999999474,1.1890733333338943
7.645929999999474,1.1874033333338971
7.647599999999474,1.1857333333338929
7.649269999999474,1.1840633333338921
7.650939999999474,1.182393333333895
7.6526099999994734,1.1807233333338942
7.654279999999473,1.179053333333897
7.655949999999473,1.1773833333338963
7.657619999999473,1.1757133333338956
7.659289999999473,1.1740433333338949
7.660959999999473,1.1723733333338942
7.6626299999994725,1.1707033333338934
7.664299999999472,1.1690333333338963
7.665969999999472,1.1673633333338955
7.667639999999472,1.1656933333338984
7.669309999999472,1.1640233333338976
7.670979999999472,1.162353333333897
7.6726499999994715,1.1606833333338962
7.674319999999471,1.1590133333338954
7.675989999999471,1.1573433333338947
7.677659999999471,1.1556733333338975
7.679329999999471,1.1540033333338968
7.680999999999471,1.1523333333338996
7.6826699999994705,1.150663333333899
7.68433999999947,1.1489933333338982
7.68600999999947,1.147323333333901
7.68767999999947,1.1456533333338967
7.68934999999947,1.143983333333896
7.69101999999947,1.1423133333338988
7.69268999999947,1.1406433333338981
7.694359999999469,1.138973333333901
7.696029999999469,1.1373033333339002
7.697699999999469,1.1356333333338995
7.699369999999469,1.1339633333339023
7.701039999999469,1.1322933333339016
7.702709999999469,1.1306233333338973
7.704379999999468,1.1289533333339001
7.706049999999468,1.1272833333338994
7.707719999999468,1.1256133333339022
7.709389999999468,1.1239433333339015
7.711059999999468,1.1222733333339008
7.712729999999468,1.1206033333339036
7.7143999999994675,1.1189333333339029
7.716069999999467,1.1172633333338986
7.717739999999467,1.1155933333339014
7.719409999999467,1.1139233333339007
7.721079999999467,1.1122533333339035
7.722749999999467,1.1105833333339028
7.7244199999994665,1.108913333333902
7.726089999999466,1.107243333333905
7.727759999999466,1.1055733333339042
7.729429999999466,1.1039033333339034
7.731099999999466,1.1022333333339027
7.732769999999466,1.100563333333902
7.7344399999994655,1.0988933333339048
7.736109999999465,1.097223333333904
7.737779999999465,1.0955533333339034
7.739449999999465,1.0938833333339062
7.741119999999465,1.0922133333339055
7.742789999999465,1.0905433333339047
7.7444599999994646,1.088873333333904
7.746129999999464,1.0872033333339033
7.747799999999464,1.0855333333339061
7.749469999999464,1.0838633333339054
7.751139999999464,1.0821933333339047
7.752809999999464,1.0805233333339075
7.754479999999464,1.0788533333339068
7.756149999999463,1.0771833333339025
7.757819999999463,1.0755133333339053
7.759489999999463,1.0738433333339046
7.761159999999463,1.0721733333339074
7.762829999999463,1.0705033333339067
7.764499999999463,1.068833333333906
7.7661699999994624,1.0671633333339088
7.767839999999462,1.0654933333339045
7.769509999999462,1.0638233333339038
7.771179999999462,1.0621533333339066
7.772849999999462,1.0604833333339059
7.774519999999462,1.0588133333339087
7.7761899999994615,1.057143333333908
7.777859999999461,1.0554733333339072
7.779529999999461,1.05380333333391
7.781199999999461,1.0521333333339058
7.782869999999461,1.050463333333905
7.784539999999461,1.048793333333908
7.7862099999994605,1.0471233333339072
7.78787999999946,1.04545333333391
7.78954999999946,1.0437833333339093
7.79121999999946,1.0421133333339085
7.79288999999946,1.0404433333339078
7.79455999999946,1.038773333333907
7.7962299999994595,1.0371033333339064
7.797899999999459,1.0354333333339092
7.799569999999459,1.0337633333339085
7.801239999999459,1.0320933333339113
7.802909999999459,1.0304233333339106
7.804579999999459,1.0287533333339098
7.806249999999459,1.027083333333909
7.807919999999458,1.0254133333339084
7.809589999999458,1.0237433333339077
7.811259999999458,1.0220733333339105
7.812929999999458,1.0204033333339098
7.814599999999458,1.0187333333339126
7.816269999999458,1.0170633333339119
7.817939999999457,1.0153933333339111
7.819609999999457,1.013723333333914
7.821279999999457,1.0120533333339097
7.822949999999457,1.010383333333909
7.824619999999457,1.0087133333339118
7.826289999999457,1.007043333333911
7.8279599999994565,1.0053733333339139
7.829629999999456,1.0037033333339132
7.831299999999456,1.0020333333339124
7.832969999999456,1.0003633333339153
7.834639999999456,0.9986933333339145
7.836309999999456,0.9970233333339102
7.8379799999994555,0.9953533333339095
7.839649999999455,0.9936833333339123
7.841319999999455,0.9920133333339116
7.842989999999455,0.9903433333339144
7.844659999999455,0.9886733333339137
7.846329999999455,0.987003333333913
7.8479999999994545,0.9853333333339158
7.849669999999454,0.9836633333339115
7.851339999999454,0.9819933333339108
7.853009999999454,0.9803233333339136
7.854679999999454,0.9786533333339129
7.856349999999454,0.9769833333339157
7.8580199999994536,0.975313333333915
7.859689999999453,0.9736433333339143
7.861359999999453,0.9719733333339171
7.863029999999453,0.9703033333339164
7.864699999999453,0.9686333333339121
7.866369999999453,0.9669633333339149
7.868039999999453,0.9652933333339142
7.869709999999452,0.963623333333917
7.871379999999452,0.9619533333339163
7.873049999999452,0.9602833333339156
7.874719999999452,0.9586133333339184
7.876389999999452,0.9569433333339177
7.878059999999452,0.9552733333339134
7.8797299999994515,0.9536033333339162
7.881399999999451,0.9519333333339155
7.883069999999451,0.9502633333339183
7.884739999999451,0.9485933333339176
7.886409999999451,0.9469233333339169
7.888079999999451,0.9452533333339197
7.8897499999994505,0.9435833333339154
7.89141999999945,0.9419133333339147
7.89308999999945,0.9402433333339175
7.89475999999945,0.9385733333339168
7.89642999999945,0.9369033333339196
7.89809999999945,0.9352333333339189
7.8997699999994495,0.9335633333339182
7.901439999999449,0.9318933333339174
7.903109999999449,0.9302233333339167
7.904779999999449,0.928553333333916
7.906449999999449,0.9268833333339188
7.908119999999449,0.9252133333339181
7.9097899999994485,0.9235433333339209
7.911459999999448,0.9218733333339202
7.913129999999448,0.9202033333339195
7.914799999999448,0.9185333333339187
7.916469999999448,0.916863333333918
7.918139999999448,0.9151933333339173
7.919809999999448,0.9135233333339201
7.921479999999447,0.9118533333339194
7.923149999999447,0.9101833333339222
7.924819999999447,0.9085133333339215
7.926489999999447,0.9068433333339172
7.928159999999447,0.90517333333392
7.929829999999447,0.9035033333339193
7.931499999999446,0.9018333333339186
7.933169999999446,0.9001633333339214
7.934839999999446,0.8984933333339207
7.936509999999446,0.8968233333339235
7.938179999999446,0.8951533333339192
7.939849999999446,0.8934833333339185
7.9415199999994455,0.8918133333339213
7.943189999999445,0.8901433333339206
7.944859999999445,0.8884733333339199
7.946529999999445,0.8868033333339227
7.948199999999445,0.885133333333922
7.949869999999445,0.8834633333339248
7.9515399999994445,0.8817933333339205
7.953209999999444,0.8801233333339198
7.954879999999444,0.8784533333339226
7.956549999999444,0.8767833333339219
7.958219999999444,0.8751133333339212
7.959889999999444,0.873443333333924
7.9615599999994435,0.8717733333339233
7.963229999999443,0.8701033333339225
7.964899999999443,0.8684333333339218
7.966569999999443,0.8667633333339211
7.968239999999443,0.8650933333339239
7.969909999999443,0.8634233333339232
7.971579999999443,0.8617533333339225
7.973249999999442,0.8600833333339253
7.974919999999442,0.858413333333921
7.976589999999442,0.8567433333339238
7.978259999999442,0.8550733333339231
7.979929999999442,0.8534033333339224
7.981599999999442,0.8517333333339252
7.983269999999441,0.8500633333339245
7.984939999999441,0.8483933333339237
7.986609999999441,0.846723333333923
7.988279999999441,0.8450533333339223
7.989949999999441,0.8433833333339251
7.991619999999441,0.8417133333339244
7.9932899999994405,0.8400433333339237
7.99495999999944,0.8383733333339265
7.99662999999944,0.8367033333339258
7.99829999999944,0.835033333333925
7.99996999999944,0.8333633333339243
8.00163999999944,0.8316933333339236
8.003309999999441,0.8300233333339229
8.004979999999442,0.8283533333339221
8.006649999999443,0.8266833333339214
8.008319999999443,0.8250133333339207
8.009989999999444,0.82334333333392
8.011659999999445,0.8216733333339192
8.013329999999446,0.8200033333339185
8.014999999999446,0.8183333333339178
8.016669999999447,0.8166633333339206
8.018339999999448,0.8149933333339163
8.020009999999449,0.8133233333339192
8.02167999999945,0.8116533333339149
8.02334999999945,0.8099833333339177
8.02501999999945,0.8083133333339134
8.026689999999451,0.8066433333339162
8.028359999999452,0.804973333333912
8.030029999999453,0.8033033333339148
8.031699999999454,0.8016333333339105
8.033369999999454,0.7999633333339133
8.035039999999455,0.7982933333339126
8.036709999999456,0.7966233333339119
8.038379999999457,0.7949533333339112
8.040049999999457,0.7932833333339104
8.041719999999458,0.7916133333339097
8.043389999999459,0.789943333333909
8.04505999999946,0.7882733333339083
8.04672999999946,0.7866033333339075
8.04839999999946,0.7849333333339068
8.050069999999462,0.7832633333339061
8.051739999999462,0.7815933333339053
8.053409999999463,0.7799233333339046
8.055079999999464,0.7782533333339039
8.056749999999465,0.7765833333339032
8.058419999999465,0.7749133333339024
8.060089999999466,0.7732433333339017
8.061759999999467,0.771573333333901
8.063429999999467,0.7699033333339003
8.065099999999468,0.7682333333338995
8.066769999999469,0.7665633333338988
8.06843999999947,0.7648933333338981
8.07010999999947,0.7632233333338974
8.071779999999471,0.7615533333338966
8.073449999999472,0.7598833333338959
8.075119999999472,0.7582133333338952
8.076789999999473,0.7565433333338945
8.078459999999474,0.7548733333338937
8.080129999999475,0.753203333333893
8.081799999999475,0.7515333333338923
8.083469999999476,0.7498633333338915
8.085139999999477,0.7481933333338908
8.086809999999478,0.7465233333338901
8.088479999999478,0.7448533333338894
8.090149999999479,0.7431833333338886
8.09181999999948,0.7415133333338879
8.09348999999948,0.7398433333338872
8.095159999999481,0.7381733333338865
8.096829999999482,0.7365033333338857
8.098499999999483,0.734833333333885
8.100169999999483,0.7331633333338843
8.101839999999484,0.7314933333338836
8.103509999999485,0.7298233333338828
8.105179999999486,0.7281533333338821
8.106849999999486,0.7264833333338814
8.108519999999487,0.7248133333338806
8.110189999999488,0.7231433333338799
8.111859999999488,0.7214733333338792
8.11352999999949,0.7198033333338785
8.11519999999949,0.7181333333338777
8.11686999999949,0.716463333333877
8.118539999999491,0.7147933333338763
8.120209999999492,0.713123333333872
8.121879999999493,0.7114533333338748
8.123549999999494,0.7097833333338706
8.125219999999494,0.7081133333338734
8.126889999999495,0.7064433333338691
8.128559999999496,0.7047733333338719
8.130229999999496,0.7031033333338677
8.131899999999497,0.7014333333338705
8.133569999999498,0.6997633333338662
8.135239999999499,0.698093333333869
8.1369099999995,0.6964233333338647
8.1385799999995,0.6947533333338676
8.1402499999995,0.6930833333338633
8.141919999999502,0.6914133333338661
8.143589999999502,0.6897433333338618
8.145259999999503,0.6880733333338647
8.146929999999504,0.6864033333338604
8.148599999999504,0.6847333333338632
8.150269999999505,0.6830633333338625
8.151939999999506,0.6813933333338618
8.153609999999507,0.679723333333861
8.155279999999507,0.6780533333338603
8.156949999999508,0.6763833333338596
8.158619999999509,0.6747133333338589
8.16028999999951,0.6730433333338581
8.16195999999951,0.6713733333338574
8.163629999999511,0.6697033333338567
8.165299999999512,0.668033333333856
8.166969999999512,0.6663633333338552
8.168639999999513,0.6646933333338545
8.170309999999514,0.6630233333338538
8.171979999999515,0.661353333333853
8.173649999999515,0.6596833333338523
8.175319999999516,0.6580133333338516
8.176989999999517,0.6563433333338509
8.178659999999518,0.6546733333338501
8.180329999999518,0.6530033333338494
8.181999999999519,0.6513333333338487
8.18366999999952,0.649663333333848
8.18533999999952,0.6479933333338472
8.187009999999521,0.6463233333338465
8.188679999999522,0.6446533333338458
8.190349999999523,0.642983333333845
8.192019999999523,0.6413133333338443
8.193689999999524,0.6396433333338436
8.195359999999525,0.6379733333338429
8.197029999999526,0.6363033333338421
8.198699999999526,0.6346333333338414
8.200369999999527,0.6329633333338407
8.202039999999528,0.63129333333384
8.203709999999528,0.6296233333338392
8.20537999999953,0.6279533333338385
8.20704999999953,0.6262833333338378
8.20871999999953,0.6246133333338371
8.210389999999531,0.6229433333338363
8.212059999999532,0.6212733333338356
8.213729999999533,0.6196033333338349
8.215399999999534,0.6179333333338342
8.217069999999534,0.6162633333338334
8.218739999999535,0.6145933333338327
8.220409999999536,0.612923333333832
8.222079999999536,0.6112533333338313
8.223749999999537,0.6095833333338305
8.225419999999538,0.6079133333338298
8.227089999999539,0.6062433333338291
8.22875999999954,0.6045733333338283
8.23042999999954,0.6029033333338276
8.23209999999954,0.6012333333338269
8.233769999999542,0.5995633333338297
8.235439999999542,0.5978933333338254
8.237109999999543,0.5962233333338283
8.238779999999544,0.594553333333824
8.240449999999544,0.5928833333338268
8.242119999999545,0.5912133333338225
8.243789999999546,0.5895433333338254
8.245459999999547,0.5878733333338211
8.247129999999547,0.5862033333338239
8.248799999999548,0.5845333333338196
8.250469999999549,0.5828633333338189
8.25213999999955,0.5811933333338182
8.25380999999955,0.5795233333338174
8.255479999999551,0.5778533333338167
8.257149999999552,0.576183333333816
8.258819999999552,0.5745133333338153
8.260489999999553,0.5728433333338145
8.262159999999554,0.5711733333338138
8.263829999999555,0.5695033333338131
8.265499999999555,0.5678333333338124
8.267169999999556,0.5661633333338116
8.268839999999557,0.5644933333338109
8.270509999999557,0.5628233333338102
8.272179999999558,0.5611533333338095
8.273849999999559,0.5594833333338087
8.27551999999956,0.557813333333808
8.27718999999956,0.5561433333338073
8.278859999999561,0.5544733333338066
8.280529999999562,0.5528033333338058
8.282199999999563,0.5511333333338051
8.283869999999563,0.5494633333338044
8.285539999999564,0.5477933333338036
8.287209999999565,0.5461233333338029
8.288879999999565,0.5444533333338022
8.290549999999566,0.5427833333338015
8.292219999999567,0.5411133333338007
8.293889999999568,0.5394433333338
8.295559999999568,0.5377733333337993
8.29722999999957,0.5361033333337986
8.29889999999957,0.5344333333337978
8.30056999999957,0.5327633333337971
8.302239999999571,0.5310933333337964
8.303909999999572,0.5294233333337957
8.305579999999573,0.5277533333337949
8.307249999999573,0.5260833333337942
8.308919999999574,0.5244133333337935
8.310589999999575,0.5227433333337927
8.312259999999576,0.521073333333792
8.313929999999576,0.5194033333337913
8.315599999999577,0.5177333333337906
8.317269999999578,0.5160633333337898
8.318939999999579,0.5143933333337856
8.32060999999958,0.5127233333337884
8.32227999999958,0.5110533333337841
8.32394999999958,0.5093833333337869
8.325619999999581,0.5077133333337827
8.327289999999582,0.5060433333337855
8.328959999999583,0.5043733333337812
8.330629999999584,0.502703333333784
8.332299999999584,0.5010333333337798
8.333969999999585,0.49974533333351445
8.335639999999586,0.4990773333335099
8.337309999999587,0.49840933333351245
8.338979999999587,0.49774133333351145
8.340649999999588,0.497073333333514
8.342319999999589,0.49640533333350945
8.34398999999959,0.495737333333512
8.34565999999959,0.495069333333511
8.347329999999591,0.49440133333351
8.348999999999592,0.493733333333509
8.350669999999592,0.49306533333351155
8.352339999999593,0.492397333333507
8.354009999999594,0.49172933333350954
8.355679999999595,0.49106133333350854
8.357349999999595,0.4903933333335111
8.359019999999596,0.48972533333350654
8.360689999999597,0.4890573333335091
8.362359999999597,0.4883893333335081
8.364029999999598,0.4877213333335071
8.365699999999599,0.4870533333335061
8.3673699999996,0.48638533333350864
8.3690399999996,0.4857173333335041
8.370709999999601,0.48504933333350664
8.372379999999602,0.48438133333350564
8.374049999999603,0.4837133333335082
8.375719999999603,0.48304533333350363
8.377389999999604,0.4823773333335062
8.379059999999605,0.4817093333335052
8.380729999999605,0.4810413333335042
8.382399999999606,0.4803733333335032
8.384069999999607,0.47970533333350573
8.385739999999608,0.4790373333335012
8.387409999999608,0.47836933333350373
8.389079999999609,0.47770133333350273
8.39074999999961,0.4770333333335053
8.39241999999961,0.47636533333350073
8.394089999999611,0.4756973333335033
8.395759999999612,0.4750293333335023
8.397429999999613,0.4743613333335013
8.399099999999613,0.4736933333335003
8.400769999999614,0.47302533333350283
8.402439999999615,0.4723573333334983
8.404109999999616,0.4716893333335008
8.405779999999616,0.4710213333334998
8.407449999999617,0.4703533333335024
8.409119999999618,0.4696853333334978
8.410789999999619,0.4690173333335004
8.41245999999962,0.4683493333334994
8.41412999999962,0.4676813333334984
8.41579999999962,0.46701333333349737
8.417469999999621,0.4663453333334999
8.419139999999622,0.46567733333349537
8.420809999999623,0.4650093333334979
8.422479999999624,0.4643413333334969
8.424149999999624,0.4636733333334959
8.425819999999625,0.4630053333334949
8.427489999999626,0.46233733333349747
8.429159999999627,0.46166933333349647
8.430829999999627,0.46100133333349547
8.432499999999628,0.46033333333349447
8.434169999999629,0.459665333333497
8.43583999999963,0.45899733333349246
8.43750999999963,0.458329333333495
8.43917999999963,0.457661333333494
8.440849999999632,0.456993333333493
8.442519999999632,0.456325333333492
8.444189999999633,0.45565733333349456
8.445859999999634,0.45498933333349356
8.447529999999634,0.45432133333349256
8.449199999999635,0.45365333333349156
8.450869999999636,0.4529853333334941
8.452539999999637,0.45231733333348956
8.454209999999637,0.4516493333334921
8.455879999999638,0.45098133333349466
8.457549999999639,0.4503133333334901
8.45921999999964,0.44964533333349266
8.46088999999964,0.44897733333349166
8.462559999999641,0.4483093333334942
8.464229999999642,0.44764133333348965
8.465899999999642,0.4469733333334922
8.467569999999643,0.4463053333334912
8.469239999999644,0.4456373333334902
8.470909999999645,0.4449693333334892
8.472579999999645,0.44430133333349175
8.474249999999646,0.4436333333334872
8.475919999999647,0.44296533333348975
8.477589999999648,0.44229733333348875
8.479259999999648,0.4416293333334913
8.480929999999649,0.44096133333348675
8.48259999999965,0.4402933333334893
8.48426999999965,0.4396253333334883
8.485939999999651,0.4389573333334873
8.487609999999652,0.4382893333334863
8.489279999999653,0.43762133333348885
8.490949999999653,0.4369533333334843
8.492619999999654,0.43628533333348685
8.494289999999655,0.43561733333348585
8.495959999999656,0.4349493333334884
8.497629999999656,0.43428133333348384
8.499299999999657,0.4336133333334864
8.500969999999658,0.4329453333334854
8.502639999999658,0.4322773333334844
8.50430999999966,0.4316093333334834
8.50597999999966,0.43094133333348594
8.50764999999966,0.4302733333334814
8.509319999999661,0.42960533333348394
8.510989999999662,0.42893733333348294
8.512659999999663,0.4282693333334855
8.514329999999664,0.42760133333348094
8.515999999999664,0.4269333333334835
8.517669999999665,0.4262653333334825
8.519339999999666,0.4255973333334815
8.521009999999666,0.4249293333334805
8.522679999999667,0.42426133333348304
8.524349999999668,0.4235933333334785
8.526019999999669,0.42292533333348103
8.52768999999967,0.42225733333348003
8.52935999999967,0.4215893333334826
8.53102999999967,0.42092133333347803
8.532699999999672,0.4202533333334806
8.534369999999672,0.4195853333334796
8.536039999999673,0.4189173333334786
8.537709999999674,0.4182493333334776
8.539379999999674,0.41758133333348013
8.541049999999675,0.4169133333334756
8.542719999999676,0.41624533333347813
8.544389999999677,0.41557733333347713
8.546059999999677,0.4149093333334797
8.547729999999678,0.4142413333334751
8.549399999999679,0.4135733333334777
8.55106999999968,0.4129053333334767
8.55273999999968,0.4122373333334757
8.554409999999681,0.4115693333334747
8.556079999999682,0.4109013333334772
8.557749999999682,0.41023333333347267
8.559419999999683,0.4095653333334752
8.561089999999684,0.4088973333334742
8.562759999999685,0.4082293333334768
8.564429999999685,0.4075613333334722
8.566099999999686,0.40689333333347477
8.567769999999687,0.40622533333347377
8.569439999999688,0.40555733333347277
8.571109999999688,0.40488933333347177
8.572779999999689,0.4042213333334743
8.57444999999969,0.40355333333346977
8.57611999999969,0.4028853333334723
8.577789999999691,0.4022173333334713
8.579459999999692,0.40154933333347387
8.581129999999693,0.4008813333334693
8.582799999999693,0.40021333333347187
8.584469999999694,0.39954533333347086
8.586139999999695,0.39887733333346986
8.587809999999696,0.39820933333346886
8.589479999999696,0.3975413333334714
8.591149999999697,0.39687333333346686
8.592819999999698,0.3962053333334694
8.594489999999698,0.3955373333334684
8.5961599999997,0.3948693333334674
8.5978299999997,0.3942013333334664
8.5994999999997,0.39353333333346896
8.601169999999701,0.39286533333346796
8.602839999999702,0.39219733333346696
8.604509999999703,0.39152933333346596
8.606179999999704,0.3908613333334685
8.607849999999704,0.39019333333346395
8.609519999999705,0.3895253333334665
8.611189999999706,0.3888573333334655
8.612859999999706,0.3881893333334645
8.614529999999707,0.3875213333334635
8.616199999999708,0.38685333333346605
8.617869999999709,0.38618533333346505
8.61953999999971,0.38551733333346405
8.62120999999971,0.38484933333346305
8.62287999999971,0.3841813333334656
8.624549999999712,0.38351333333346105
8.626219999999712,0.3828453333334636
8.627889999999713,0.3821773333334626
8.629559999999714,0.3815093333334616
8.631229999999714,0.3808413333334606
8.632899999999715,0.38017333333346315
8.634569999999716,0.37950533333346215
8.636239999999717,0.3788373333334576
8.637909999999717,0.37816933333346014
8.639579999999718,0.37750133333345914
8.641249999999719,0.37683333333345814
8.64291999999972,0.37616533333345714
8.64458999999972,0.3754973333334597
8.646259999999721,0.37482933333345514
8.647929999999722,0.3741613333334577
8.649599999999722,0.3734933333334567
8.651269999999723,0.37282533333345924
8.652939999999724,0.3721573333334547
8.654609999999725,0.37148933333345724
8.656279999999725,0.37082133333345624
8.657949999999726,0.37015333333345524
8.659619999999727,0.36948533333345424
8.661289999999727,0.3688173333334568
8.662959999999728,0.36814933333345223
8.664629999999729,0.3674813333334548
8.66629999999973,0.3668133333334538
8.66796999999973,0.36614533333345634
8.669639999999731,0.3654773333334518
8.671309999999732,0.36480933333345433
8.672979999999733,0.36414133333345333
8.674649999999733,0.36347333333345233
8.676319999999734,0.36280533333345133
8.677989999999735,0.3621373333334539
8.679659999999735,0.3614693333334493
8.681329999999736,0.3608013333334519
8.682999999999737,0.3601333333334509
8.684669999999738,0.35946533333345343
8.686339999999738,0.3587973333334489
8.688009999999739,0.3581293333334514
8.68967999999974,0.3574613333334504
8.69134999999974,0.3567933333334494
8.693019999999741,0.3561253333334484
8.694689999999742,0.355457333333451
8.696359999999743,0.3547893333334464
8.698029999999743,0.354121333333449
8.699699999999744,0.35345333333344797
8.701369999999745,0.3527853333334505
8.703039999999746,0.35211733333344597
8.704709999999746,0.3514493333334485
8.706379999999747,0.3507813333334475
8.708049999999748,0.3501133333334465
8.709719999999749,0.3494453333334455
8.71138999999975,0.34877733333344807
8.71305999999975,0.3481093333334435
8.71472999999975,0.34744133333344607
8.716399999999751,0.34677333333344507
8.718069999999752,0.3461053333334476
8.719739999999753,0.34543733333344306
8.721409999999754,0.3447693333334456
8.723079999999754,0.3441013333334446
8.724749999999755,0.3434333333334436
8.726419999999756,0.3427653333334426
8.728089999999757,0.34209733333344516
8.729759999999757,0.3414293333334406
8.731429999999758,0.34076133333344316
8.733099999999759,0.34009333333344216
8.73476999999976,0.3394253333334447
8.73643999999976,0.33875733333344016
8.738109999999761,0.3380893333334427
8.739779999999762,0.3374213333334417
8.741449999999762,0.3367533333334407
8.743119999999763,0.3360853333334397
8.744789999999764,0.33541733333344226
8.746459999999765,0.3347493333334377
8.748129999999765,0.33408133333344026
8.749799999999766,0.33341333333343925
8.751469999999767,0.3327453333334418
8.753139999999767,0.33207733333343725
8.754809999999768,0.3314093333334398
8.756479999999769,0.3307413333334388
8.75814999999977,0.3300733333334378
8.75981999999977,0.3294053333334368
8.761489999999771,0.32873733333343935
8.763159999999772,0.3280693333334348
8.764829999999773,0.32740133333343735
8.766499999999773,0.32673333333343635
8.768169999999774,0.32606533333343535
8.769839999999775,0.32539733333343435
8.771509999999775,0.3247293333334369
8.773179999999776,0.3240613333334359
8.774849999999777,0.3233933333334349
8.776519999999778,0.3227253333334339
8.778189999999778,0.32205733333343645
8.779859999999779,0.3213893333334319
8.78152999999978,0.32072133333343444
8.78319999999978,0.32005333333343344
8.784869999999781,0.31938533333343244
8.786539999999782,0.31871733333343144
8.788209999999783,0.318049333333434
8.789879999999783,0.317381333333433
8.791549999999784,0.316713333333432
8.793219999999785,0.316045333333431
8.794889999999786,0.31537733333343354
8.796559999999786,0.314709333333429
8.798229999999787,0.31404133333343154
8.799899999999788,0.31337333333343054
8.801569999999789,0.31270533333342954
8.80323999999979,0.31203733333342853
8.80490999999979,0.3113693333334311
8.80657999999979,0.3107013333334301
8.808249999999791,0.3100333333334291
8.809919999999792,0.3093653333334281
8.811589999999793,0.30869733333343063
8.813259999999794,0.3080293333334261
8.814929999999794,0.30736133333342863
8.816599999999795,0.30669333333342763
8.818269999999796,0.30602533333342663
8.819939999999796,0.30535733333342563
8.821609999999797,0.3046893333334282
8.823279999999798,0.3040213333334272
8.824949999999799,0.3033533333334262
8.8266199999998,0.3026853333334252
8.8282899999998,0.30201733333342773
8.8299599999998,0.3013493333334232
8.831629999999802,0.3006813333334257
8.833299999999802,0.3000133333334247
8.834969999999803,0.2993453333334237
8.836639999999804,0.2986773333334263
8.838309999999804,0.2980093333334253
8.839979999999805,0.2973413333334278
8.841649999999806,0.2966733333334233
8.843319999999807,0.2960053333334258
8.844989999999807,0.2953373333334248
8.846659999999808,0.2946693333334238
8.848329999999809,0.2940013333334228
8.84999999999981,0.2933333333334254
8.85166999999981,0.2926653333334208
8.853339999999811,0.29199733333342337
8.855009999999812,0.29132933333342237
8.856679999999812,0.2906613333334249
8.858349999999813,0.28999333333342037
8.860019999999814,0.2893253333334229
8.861689999999815,0.2886573333334219
8.863359999999815,0.2879893333334209
8.865029999999816,0.2873213333334199
8.866699999999817,0.28665333333342247
8.868369999999818,0.2859853333334179
8.870039999999818,0.28531733333342046
8.871709999999819,0.28464933333341946
8.87337999999982,0.283981333333422
8.87504999999982,0.28331333333341746
8.876719999999821,0.28264533333342
8.878389999999822,0.281977333333419
8.880059999999823,0.281309333333418
8.881729999999823,0.280641333333417
8.883399999999824,0.27997333333341956
8.885069999999825,0.279305333333415
8.886739999999826,0.27863733333341756
8.888409999999826,0.27796933333341656
8.890079999999827,0.2773013333334191
8.891749999999828,0.27663333333341455
8.893419999999828,0.2759653333334171
8.89508999999983,0.2752973333334161
8.89675999999983,0.2746293333334151
8.89842999999983,0.2739613333334141
8.900099999999831,0.27329333333341665
8.901769999999832,0.2726253333334121
8.903439999999833,0.27195733333341465
8.905109999999834,0.27128933333341365
8.906779999999834,0.2706213333334162
8.908449999999835,0.26995333333341165
8.910119999999836,0.2692853333334142
8.911789999999836,0.2686173333334132
8.913459999999837,0.2679493333334122
8.915129999999838,0.2672813333334112
8.916799999999839,0.26661333333341375
8.91846999999984,0.2659453333334092
8.92013999999984,0.26527733333341175
8.92180999999984,0.26460933333341075
8.923479999999842,0.26394133333340974
8.925149999999842,0.26327333333340874
8.926819999999843,0.2626053333334113
8.928489999999844,0.2619373333334103
8.930159999999844,0.2612693333334093
8.931829999999845,0.2606013333334083
8.933499999999846,0.25993333333341084
8.935169999999847,0.2592653333334063
8.936839999999847,0.25859733333340884
8.938509999999848,0.25792933333340784
8.940179999999849,0.25726133333340684
8.94184999999985,0.25659333333340584
8.94351999999985,0.2559253333334084
8.945189999999851,0.2552573333334074
8.946859999999852,0.2545893333334064
8.948529999999852,0.2539213333334054
8.950199999999853,0.25325333333340794
8.951869999999854,0.2525853333334034
8.953539999999855,0.25191733333340594
8.955209999999855,0.25124933333340493
8.956879999999856,0.25058133333340393
8.958549999999857,0.24991333333340293
8.960219999999858,0.24924533333340548
8.961889999999858,0.24857733333340448
8.963559999999859,0.24790933333340348
8.96522999999986,0.24724133333340248
8.96689999999986,0.24657333333340503
8.968569999999861,0.24590533333340048
8.970239999999862,0.24523733333340303
8.971909999999863,0.24456933333340203
8.973579999999863,0.24390133333340103
8.975249999999864,0.24323333333340003
8.976919999999865,0.24256533333340258
8.978589999999866,0.24189733333340158
8.980259999999866,0.24122933333340058
8.981929999999867,0.24056133333339957
8.983599999999868,0.23989333333340213
8.985269999999868,0.23922533333339757
8.98693999999987,0.23855733333340012
8.98860999999987,0.23788933333339912
8.99027999999987,0.23722133333339812
8.991949999999871,0.23655333333339712
8.993619999999872,0.23588533333339967
8.995289999999873,0.23521733333339867
8.996959999999874,0.23454933333339767
8.998629999999874,0.23388133333339667
9.000299999999875,0.23321333333339922
9.001969999999876,0.23254533333339467
9.003639999999876,0.23187733333339722
9.005309999999877,0.23120933333339622
9.006979999999878,0.23054133333339522
9.008649999999879,0.22987333333339421
9.01031999999988,0.22920533333339677
9.01198999999988,0.22853733333339576
9.01365999999988,0.22786933333339476
9.015329999999881,0.22720133333339376
9.016999999999882,0.22653333333339631
9.018669999999883,0.22586533333339176
9.020339999999884,0.2251973333333943
9.022009999999884,0.2245293333333933
9.023679999999885,0.2238613333333923
9.025349999999886,0.2231933333333913
9.027019999999887,0.22252533333339386
9.028689999999887,0.22185733333339286
9.030359999999888,0.22118933333339186
9.032029999999889,0.22052133333339086
9.03369999999989,0.21985333333338986
9.03536999999989,0.21918533333338885
9.037039999999891,0.21851733333338785
9.038709999999892,0.2178493333333904
9.040379999999892,0.21718133333338585
9.042049999999893,0.2165133333333884
9.043719999999894,0.2158453333333874
9.045389999999895,0.21517733333338995
9.047059999999895,0.2145093333333854
9.048729999999896,0.21384133333338795
9.050399999999897,0.21317333333338695
9.052069999999897,0.21250533333338595
9.053739999999898,0.21183733333338495
9.055409999999899,0.2111693333333875
9.0570799999999,0.21050133333338295
9.0587499999999,0.2098333333333855
9.060419999999901,0.2091653333333845
9.062089999999902,0.20849733333338705
9.063759999999903,0.2078293333333825
9.065429999999903,0.20716133333338504
9.067099999999904,0.20649333333338404
9.068769999999905,0.20582533333338304
9.070439999999905,0.20515733333338204
9.072109999999906,0.2044893333333846
9.073779999999907,0.20382133333338004
9.075449999999908,0.2031533333333826
9.077119999999908,0.2024853333333816
9.078789999999909,0.20181733333338414
9.08045999999991,0.2011493333333796
9.08212999999991,0.20048133333338214
9.083799999999911,0.19981333333338114
9.085469999999912,0.19914533333338014
9.087139999999913,0.19847733333337914
9.088809999999913,0.1978093333333817
9.090479999999914,0.19714133333337713
9.092149999999915,0.19647333333337968
9.093819999999916,0.19580533333337868
9.095489999999916,0.19513733333337768
9.097159999999917,0.19446933333337668
9.098829999999918,0.19380133333337923
9.100499999999919,0.19313333333337823
9.10216999999992,0.19246533333337723
9.10383999999992,0.19179733333337623
9.10550999999992,0.19112933333337878
9.107179999999921,0.19046133333337423
9.108849999999922,0.18979333333337678
9.110519999999923,0.18912533333337578
9.112189999999924,0.18845733333337478
9.113859999999924,0.18778933333337378
9.115529999999925,0.18712133333337633
9.117199999999926,0.18645333333337533
9.118869999999927,0.18578533333337433
9.120539999999927,0.18511733333337332
9.122209999999928,0.18444933333337588
9.123879999999929,0.18378133333337132
9.12554999999993,0.18311333333337387
9.12721999999993,0.18244533333337287
9.128889999999931,0.18177733333337187
9.130559999999932,0.18110933333337087
9.132229999999932,0.18044133333337342
9.133899999999933,0.17977333333337242
9.135569999999934,0.17910533333337142
9.137239999999935,0.17843733333337042
9.138909999999935,0.17776933333337297
9.140579999999936,0.17710133333336842
9.142249999999937,0.17643333333337097
9.143919999999937,0.17576533333336997
9.145589999999938,0.17509733333336897
9.147259999999939,0.17442933333336796
9.14892999999994,0.17376133333337052
9.15059999999994,0.17309333333336951
9.152269999999941,0.1724253333333685
9.153939999999942,0.1717573333333675
9.155609999999943,0.17108933333337006
9.157279999999943,0.1704213333333655
9.158949999999944,0.16975333333336806
9.160619999999945,0.16908533333336706
9.162289999999945,0.16841733333336606
9.163959999999946,0.16774933333336506
9.165629999999947,0.1670813333333676
9.167299999999948,0.1664133333333666
9.168969999999948,0.1657453333333656
9.170639999999949,0.1650773333333646
9.17230999999995,0.16440933333336716
9.17397999999995,0.1637413333333626
9.175649999999951,0.16307333333336516
9.177319999999952,0.16240533333336415
9.178989999999953,0.16173733333336315
9.180659999999953,0.16106933333336215
9.182329999999954,0.1604013333333647
9.183999999999955,0.1597333333333637
9.185669999999956,0.1590653333333627
9.187339999999956,0.1583973333333617
9.189009999999957,0.15772933333336425
9.190679999999958,0.1570613333333597
9.192349999999958,0.15639333333336225
9.19401999999996,0.15572533333336125
9.19568999999996,0.15505733333336025
9.19735999999996,0.15438933333335925
9.199029999999961,0.1537213333333618
9.200699999999962,0.1530533333333608
9.202369999999963,0.1523853333333598
9.204039999999964,0.1517173333333588
9.205709999999964,0.15104933333336135
9.207379999999965,0.1503813333333568
9.209049999999966,0.14971333333335934
9.210719999999966,0.14904533333335834
9.212389999999967,0.14837733333335734
9.214059999999968,0.14770933333335634
9.215729999999969,0.1470413333333589
9.21739999999997,0.1463733333333579
9.21906999999997,0.1457053333333569
9.22073999999997,0.1450373333333559
9.222409999999972,0.14436933333335844
9.224079999999972,0.1437013333333539
9.225749999999973,0.14303333333335644
9.227419999999974,0.14236533333335544
9.229089999999974,0.14169733333335444
9.230759999999975,0.14102933333335343
9.232429999999976,0.140361333333356
9.234099999999977,0.13969333333335499
9.235769999999977,0.13902533333335043
9.237439999999978,0.13835733333335298
9.239109999999979,0.13768933333335198
9.24077999999998,0.13702133333335098
9.24244999999998,0.13635333333334998
9.244119999999981,0.13568533333335253
9.245789999999982,0.13501733333334798
9.247459999999982,0.13434933333335053
9.249129999999983,0.13368133333334953
9.250799999999984,0.13301333333334853
9.252469999999985,0.13234533333334753
9.254139999999985,0.13167733333335008
9.255809999999986,0.13100933333334908
9.257479999999987,0.13034133333334808
9.259149999999988,0.12967333333334707
9.260819999999988,0.12900533333334963
9.262489999999989,0.12833733333334507
9.26415999999999,0.12766933333334762
9.26582999999999,0.12700133333334662
9.267499999999991,0.12633333333334562
9.269169999999992,0.12566533333334462
9.270839999999993,0.12499733333334717
9.272509999999993,0.12432933333334617
9.274179999999994,0.12366133333334517
9.275849999999995,0.12299333333334417
9.277519999999996,0.12232533333334672
9.279189999999996,0.12165733333334217
9.280859999999997,0.12098933333334472
9.282529999999998,0.12032133333334372
9.284199999999998,0.11965333333334272
9.28587,0.11898533333334171
9.28754,0.11831733333334427
9.28921,0.11764933333334326
9.290880000000001,0.11698133333334226
9.292550000000002,0.11631333333334126
9.294220000000003,0.11564533333334381
9.295890000000004,0.11497733333333926
9.297560000000004,0.11430933333334181
9.299230000000005,0.11364133333334081
9.300900000000006,0.11297333333333981
9.302570000000006,0.11230533333333881
9.304240000000007,0.11163733333334136
9.305910000000008,0.11096933333334036
9.307580000000009,0.11030133333333936
9.30925000000001,0.10963333333333836
9.31092000000001,0.10896533333334091
9.31259000000001,0.10829733333333635
9.314260000000012,0.1076293333333389
9.315930000000012,0.1069613333333379
9.317600000000013,0.1062933333333369
9.319270000000014,0.1056253333333359
9.320940000000014,0.10495733333333845
9.322610000000015,0.10428933333333745
9.324280000000016,0.10362133333333645
9.325950000000017,0.10295333333333545
9.327620000000017,0.102285333333338
9.329290000000018,0.10161733333333345
9.330960000000019,0.100949333333336
9.33263000000002,0.100281333333335
